,TIME,ELAPSED_SECONDS,PSTATE,acc_x,acc_y,acc_z,mag_x,mag_y,mag_z,gyr_x,gyr_y,gyr_z,lin_x,lin_y,lin_z,eul_x,eul_y,eul_z,qua_w,qua_x,qua_y,qua_z
0,631064.0,602.957368,1.0,-2.89,-1.55,-9.29,19.19,-8.38,35.75,1.37,2.38,0.5,0.178103826124929,-0.024257593970204328,-0.0435474902158397,-147.43869005154224,-25.042301608577386,19.773350749034485,0.0458,-0.9599,-0.2168,0.1717
1,631064.0,602.957368,1.0,-2.89,-1.55,-9.29,19.19,-8.38,35.75,1.37,2.38,0.5,0.178103826124929,-0.024257593970204328,-0.0435474902158397,-147.43869005154224,-25.042301608577386,19.773350749034485,0.0458,-0.9599,-0.2168,0.1717
2,631099.0,602.960306,1.0,-3.0,-1.58,-9.24,19.19,-8.38,35.75,0.37,-0.31,-0.31,0.05355145726887888,-0.004044215214003,-0.03566252733561903,-147.43869005154224,-25.042301608577386,19.761718953980246,0.0458,-0.9599,-0.2168,0.1716
3,631099.0,602.960306,1.0,-3.0,-1.58,-9.24,19.19,-8.38,35.75,0.37,-0.31,-0.31,0.05355145726887888,-0.004044215214003,-0.03566252733561903,-147.43869005154224,-25.042301608577386,19.761718953980246,0.0458,-0.9599,-0.2168,0.1716
4,631132.0,602.9841650000001,1.0,-3.08,-1.6,-9.15,18.06,-8.38,35.69,0.19,-1.0,0.06,-0.046236463608920135,0.007778057997274934,0.020603725265406325,-147.39783944401512,-25.042301608577386,19.808247369439112,0.0457,-0.9598,-0.2168,0.172
5,631132.0,602.9841650000001,1.0,-3.08,-1.6,-9.15,18.06,-8.38,35.69,0.19,-1.0,0.06,-0.046236463608920135,0.007778057997274934,0.020603725265406325,-147.39783944401512,-25.042301608577386,19.808247369439112,0.0457,-0.9598,-0.2168,0.172
6,631169.0,603.025768,1.0,-3.07,-1.55,-9.09,18.37,-8.75,35.69,-0.12,0.25,0.06,-0.040691058978663125,0.048523259956810616,0.08803437168325877,-147.39783944401512,-25.054040082214637,19.796614956633128,0.0457,-0.9598,-0.2169,0.1719
7,631169.0,603.025768,1.0,-3.07,-1.55,-9.09,18.37,-8.75,35.69,-0.12,0.25,0.06,-0.040691058978663125,0.048523259956810616,0.08803437168325877,-147.39783944401512,-25.054040082214637,19.796614956633128,0.0457,-0.9598,-0.2169,0.1719
8,631203.0,603.085346,1.0,-3.19,-1.63,-9.01,18.37,-8.75,35.69,0.0,-0.12,-0.25,-0.201326810984804,0.023060043549662627,0.11273253854149168,-147.39783944401512,-25.054040082214637,19.808247369439112,0.0455,-0.9598,-0.2169,0.172
9,631203.0,603.085346,1.0,-3.19,-1.63,-9.01,18.37,-8.75,35.69,0.0,-0.12,-0.25,-0.201326810984804,0.023060043549662627,0.11273253854149168,-147.39783944401512,-25.054040082214637,19.808247369439112,0.0455,-0.9598,-0.2169,0.172
10,631238.0,603.09307,1.0,-2.92,-1.62,-9.19,18.75,-8.38,34.75,0.25,2.69,0.56,0.08466710118037603,-0.07845012567375509,0.029453210543445962,-147.4795905833761,-25.054040082214637,19.75008736458169,0.0456,-0.96,-0.2169,0.1715
11,631238.0,603.09307,1.0,-2.92,-1.62,-9.19,18.75,-8.38,34.75,0.25,2.69,0.56,0.08466710118037603,-0.07845012567375509,0.029453210543445962,-147.4795905833761,-25.054040082214637,19.75008736458169,0.0456,-0.96,-0.2169,0.1715
12,631273.0,603.111398,1.0,-2.9,-1.56,-9.26,18.75,-9.19,36.06,-0.63,1.37,0.5,0.1407486995493452,-0.03023526020914025,-0.02037781275270589,-147.4795905833761,-25.042301608577386,19.691932497848974,0.0456,-0.96,-0.2168,0.171
13,631273.0,603.111398,1.0,-2.9,-1.56,-9.26,18.75,-9.19,36.06,-0.63,1.37,0.5,0.1407486995493452,-0.03023526020914025,-0.02037781275270589,-147.4795905833761,-25.042301608577386,19.691932497848974,0.0456,-0.96,-0.2168,0.171
14,631308.0,603.15636,1.0,-3.17,-1.51,-8.9,18.06,-8.06,35.25,-1.94,-0.44,0.63,-0.19044724593531154,0.1217882995930042,0.24171939614312346,-147.4795905833761,-25.03056340197877,19.71519382901285,0.0454,-0.96,-0.2167,0.1712
15,631308.0,603.15636,1.0,-3.17,-1.51,-8.9,18.06,-8.06,35.25,-1.94,-0.44,0.63,-0.19044724593531154,0.1217882995930042,0.24171939614312346,-147.4795905833761,-25.03056340197877,19.71519382901285,0.0454,-0.96,-0.2167,0.1712
16,631343.0,603.230984,1.0,-3.12,-1.53,-9.14,18.06,-8.06,35.25,0.88,2.31,0.69,-0.0829672530683652,0.0832042243484803,0.029068832248494655,-147.52054122823532,-25.018825462277388,19.6570420373131,0.0452,-0.9601,-0.2166,0.1707
17,631343.0,603.230984,1.0,-3.12,-1.53,-9.14,18.06,-8.06,35.25,0.88,2.31,0.69,-0.0829672530683652,0.0832042243484803,0.029068832248494655,-147.52054122823532,-25.018825462277388,19.6570420373131,0.0452,-0.9601,-0.2166,0.1707
18,631379.0,603.233666,1.0,-3.02,-1.45,-9.34,18.75,-8.75,37.38,-5.63,5.63,0.94,0.08576818343689993,0.11011958200034122,-0.1149938908262591,-147.6025936178383,-25.00708778933191,19.56400979675284,0.0448,-0.9603,-0.2165,0.1699
19,631379.0,603.233666,1.0,-3.02,-1.45,-9.34,18.75,-8.75,37.38,-5.63,5.63,0.94,0.08576818343689993,0.11011958200034122,-0.1149938908262591,-147.6025936178383,-25.00708778933191,19.56400979675284,0.0448,-0.9603,-0.2165,0.1699
20,631414.0,603.271558,1.0,-3.12,-1.59,-9.06,18.37,-8.38,35.75,-0.63,-0.88,-0.75,-0.15653979547034258,0.0226641335357306,0.09474588033916298,-147.6436957459843,-25.018825462277388,19.54075377357945,0.0447,-0.9604,-0.2166,0.1697
21,631414.0,603.271558,1.0,-3.12,-1.59,-9.06,18.37,-8.38,35.75,-0.63,-0.88,-0.75,-0.15653979547034258,0.0226641335357306,0.09474588033916298,-147.6436957459843,-25.018825462277388,19.54075377357945,0.0447,-0.9604,-0.2166,0.1697
22,631449.0,603.326118,1.0,-2.99,-1.58,-9.25,18.37,-8.38,35.75,0.69,2.38,0.0,0.012468611483211794,-0.01756893141282156,-0.04213347139263135,-147.6436957459843,-25.018825462277388,19.470990576087328,0.0448,-0.9604,-0.2166,0.1691
23,631449.0,603.326118,1.0,-2.99,-1.58,-9.25,18.37,-8.38,35.75,0.69,2.38,0.0,0.012468611483211794,-0.01756893141282156,-0.04213347139263135,-147.6436957459843,-25.018825462277388,19.470990576087328,0.0448,-0.9604,-0.2166,0.1691
24,631484.0,603.342715,1.0,-2.9,-1.5,-9.36,18.75,-8.38,34.06,-0.25,1.0,0.12,0.15336889560388065,0.019707566764815887,-0.1052463671778483,-147.68484875398153,-24.995350383000986,19.43611171140661,0.0449,-0.9605,-0.2164,0.1688
25,631484.0,603.342715,1.0,-2.9,-1.5,-9.36,18.75,-8.38,34.06,-0.25,1.0,0.12,0.15336889560388065,0.019707566764815887,-0.1052463671778483,-147.68484875398153,-24.995350383000986,19.43611171140661,0.0449,-0.9605,-0.2164,0.1688
26,631519.0,603.384686,1.0,-2.96,-1.55,-9.15,18.06,-8.75,36.06,0.81,-0.56,-0.12,0.009356885947137196,-0.0039561828210914465,0.06567998683894594,-147.72605283657722,-25.00708778933191,19.43611171140661,0.0448,-0.9606,-0.2165,0.1688
27,631519.0,603.384686,1.0,-2.96,-1.55,-9.15,18.06,-8.75,36.06,0.81,-0.56,-0.12,0.009356885947137196,-0.0039561828210914465,0.06567998683894594,-147.72605283657722,-25.00708778933191,19.43611171140661,0.0448,-0.9606,-0.2165,0.1688
28,631554.0,603.401943,1.0,-2.94,-1.62,-9.21,18.06,-8.75,36.06,-1.0,-0.44,0.44,0.019335196123607627,-0.07307185038773711,0.004283619636948899,-147.72605283657722,-25.00708778933191,19.43611171140661,0.0449,-0.9606,-0.2165,0.1688
29,631554.0,603.401943,1.0,-2.94,-1.62,-9.21,18.06,-8.75,36.06,-1.0,-0.44,0.44,0.019335196123607627,-0.07307185038773711,0.004283619636948899,-147.72605283657722,-25.00708778933191,19.43611171140661,0.0449,-0.9606,-0.2165,0.1688
30,631588.0,603.454769,1.0,-3.14,-1.5,-9.04,18.37,-8.38,35.69,0.31,-0.94,0.0,-0.158950615173474,0.1095060863352748,0.12192268742214375,-147.68484875398153,-25.018825462277388,19.459364085641027,0.0444,-0.9605,-0.2166,0.16899999999999998
31,631588.0,603.454769,1.0,-3.14,-1.5,-9.04,18.37,-8.38,35.69,0.31,-0.94,0.0,-0.158950615173474,0.1095060863352748,0.12192268742214375,-147.68484875398153,-25.018825462277388,19.459364085641027,0.0444,-0.9605,-0.2166,0.16899999999999998
32,631623.0,603.486464,1.0,-3.1,-1.54,-9.03,18.37,-8.06,35.69,0.88,0.94,0.25,-0.14212066556776876,0.05713319167307096,0.13715996614465809,-147.68484875398153,-25.00708778933191,19.470990576087328,0.0445,-0.9605,-0.2165,0.1691
33,631623.0,603.486464,1.0,-3.1,-1.54,-9.03,18.37,-8.06,35.69,0.88,0.94,0.25,-0.14212066556776876,0.05713319167307096,0.13715996614465809,-147.68484875398153,-25.00708778933191,19.470990576087328,0.0445,-0.9605,-0.2165,0.1691
34,631658.0,603.5403650000001,1.0,-2.96,-1.5,-9.14,18.75,-8.75,34.06,0.0,1.12,-0.37,0.023251008780895255,0.03771043499144555,0.08300678803035133,-147.72605283657722,-25.00708778933191,19.42448582735805,0.0446,-0.9606,-0.2165,0.1687
35,631658.0,603.5403650000001,1.0,-2.96,-1.5,-9.14,18.75,-8.75,34.06,0.0,1.12,-0.37,0.023251008780895255,0.03771043499144555,0.08300678803035133,-147.72605283657722,-25.00708778933191,19.42448582735805,0.0446,-0.9606,-0.2165,0.1687
36,631693.0,603.546866,1.0,-3.11,-1.47,-9.15,18.75,-8.75,34.06,-0.69,0.44,-0.75,-0.08931888907386477,0.12658403245065653,0.032628380483130215,-147.68484875398153,-25.03056340197877,19.42448582735805,0.0444,-0.9605,-0.2167,0.1687
37,631693.0,603.546866,1.0,-3.11,-1.47,-9.15,18.75,-8.75,34.06,-0.69,0.44,-0.75,-0.08931888907386477,0.12658403245065653,0.032628380483130215,-147.68484875398153,-25.03056340197877,19.42448582735805,0.0444,-0.9605,-0.2167,0.1687
38,631730.0,603.6018809999999,1.0,-2.97,-1.5,-9.31,17.25,-8.06,36.56,0.31,1.5,-0.25,0.06874910136276105,0.04376393857014493,-0.07972235181553522,-147.72605283657722,-25.03056340197877,19.40123466474733,0.0445,-0.9606,-0.2167,0.1685
39,631730.0,603.6018809999999,1.0,-2.97,-1.5,-9.31,17.25,-8.06,36.56,0.31,1.5,-0.25,0.06874910136276105,0.04376393857014493,-0.07972235181553522,-147.72605283657722,-25.03056340197877,19.40123466474733,0.0445,-0.9606,-0.2167,0.1685
40,631764.0,603.662305,1.0,-2.95,-1.61,-9.14,19.56,-8.38,35.75,0.94,1.31,-0.5,-0.02095316221688326,-0.05967058606580911,0.06857008729894963,-147.72605283657722,-25.018825462277388,19.36635943259494,0.0448,-0.9606,-0.2166,0.1682
41,631764.0,603.662305,1.0,-2.95,-1.61,-9.14,19.56,-8.38,35.75,0.94,1.31,-0.5,-0.02095316221688326,-0.05967058606580911,0.06857008729894963,-147.72605283657722,-25.018825462277388,19.36635943259494,0.0448,-0.9606,-0.2166,0.1682
42,631797.0,603.680463,1.0,-2.96,-1.61,-9.22,19.56,-8.38,35.75,0.06,0.63,-0.25,-0.007371441490777633,-0.05080926782702033,-0.009635655998058823,-147.72605283657722,-25.03056340197877,19.33148601143644,0.0449,-0.9606,-0.2167,0.1679
43,631797.0,603.680463,1.0,-2.96,-1.61,-9.22,19.56,-8.38,35.75,0.06,0.63,-0.25,-0.007371441490777633,-0.05080926782702033,-0.009635655998058823,-147.72605283657722,-25.03056340197877,19.33148601143644,0.0449,-0.9606,-0.2167,0.1679
44,631832.0,603.689478,1.0,-2.97,-1.57,-9.21,18.37,-8.06,35.75,-0.63,0.37,0.31,-0.005546580901557213,-0.012006780386667136,0.0030932437678465874,-147.72605283657722,-25.03056340197877,19.319861939553064,0.0448,-0.9606,-0.2167,0.1678
45,631832.0,603.689478,1.0,-2.97,-1.57,-9.21,18.37,-8.06,35.75,-0.63,0.37,0.31,-0.005546580901557213,-0.012006780386667136,0.0030932437678465874,-147.72605283657722,-25.03056340197877,19.319861939553064,0.0448,-0.9606,-0.2167,0.1678
46,631869.0,603.7316969999999,1.0,-2.96,-1.41,-9.04,18.75,-8.38,35.38,-2.13,0.0,0.0,0.006051228409053353,0.12237472510810175,0.191230726287106,-147.7673081897566,-25.03056340197877,19.30823806837105,0.0446,-0.9607,-0.2167,0.1677
47,631869.0,603.7316969999999,1.0,-2.96,-1.41,-9.04,18.75,-8.38,35.38,-2.13,0.0,0.0,0.006051228409053353,0.12237472510810175,0.191230726287106,-147.7673081897566,-25.03056340197877,19.30823806837105,0.0446,-0.9607,-0.2167,0.1677
48,631902.0,603.7881480000001,1.0,-2.98,-1.61,-9.06,18.75,-8.38,35.38,1.5,1.88,-0.19,-0.08769024674363238,-0.046467371040447625,0.1347188999530875,-147.7673081897566,-25.03056340197877,19.284990927591146,0.0447,-0.9607,-0.2167,0.1675
49,631902.0,603.7881480000001,1.0,-2.98,-1.61,-9.06,18.75,-8.38,35.38,1.5,1.88,-0.19,-0.08769024674363238,-0.046467371040447625,0.1347188999530875,-147.7673081897566,-25.03056340197877,19.284990927591146,0.0447,-0.9607,-0.2167,0.1675
50,631937.0,603.803947,1.0,-3.13,-1.77,-9.12,18.75,-8.38,35.0,-1.88,1.88,0.88,-0.26393618083485165,-0.12076118479350573,0.007672786601977677,-147.8086150107539,-25.018825462277388,19.250121718432275,0.0449,-0.9608,-0.2166,0.1672
51,631937.0,603.803947,1.0,-3.13,-1.77,-9.12,18.75,-8.38,35.0,-1.88,1.88,0.88,-0.26393618083485165,-0.12076118479350573,0.007672786601977677,-147.8086150107539,-25.018825462277388,19.250121718432275,0.0449,-0.9608,-0.2166,0.1672
52,631971.0,603.811743,1.0,-2.86,-1.58,-9.05,18.06,-8.38,34.5,-2.75,2.56,1.44,0.0021204056219251287,-0.07574252373442669,0.1851761745417413,-147.89138385145154,-24.995350383000986,19.16876722159467,0.0443,-0.961,-0.2164,0.1665
53,631971.0,603.811743,1.0,-2.86,-1.58,-9.05,18.06,-8.38,34.5,-2.75,2.56,1.44,0.0021204056219251287,-0.07574252373442669,0.1851761745417413,-147.89138385145154,-24.995350383000986,19.16876722159467,0.0443,-0.961,-0.2164,0.1665
54,632006.0,603.85198,1.0,-2.64,-1.19,-9.6,19.19,-8.75,36.5,0.75,3.13,0.63,0.5047035707409032,0.18567898686334885,-0.2061666676274818,-148.01592812505623,-24.96013976228266,19.017706136871343,0.0439,-0.9613,-0.2161,0.1652
55,632006.0,603.85198,1.0,-2.64,-1.19,-9.6,19.19,-8.75,36.5,0.75,3.13,0.63,0.5047035707409032,0.18567898686334885,-0.2061666676274818,-148.01592812505623,-24.96013976228266,19.017706136871343,0.0439,-0.9613,-0.2161,0.1652
56,632041.0,603.9187049999999,1.0,-2.88,-1.41,-9.44,19.19,-8.75,36.5,-2.25,0.06,-0.06,0.16040385717562575,0.08783553800925004,-0.16143183758870805,-147.97436096195162,-24.96013976228266,19.029325032716933,0.0439,-0.9612,-0.2161,0.1653
57,632041.0,603.9187049999999,1.0,-2.88,-1.41,-9.44,19.19,-8.75,36.5,-2.25,0.06,-0.06,0.16040385717562575,0.08783553800925004,-0.16143183758870805,-147.97436096195162,-24.96013976228266,19.029325032716933,0.0439,-0.9612,-0.2161,0.1653
58,632076.0,603.936696,1.0,-3.0,-1.46,-9.15,18.06,-8.75,36.06,-0.44,-1.31,-0.63,-0.056774037192152314,0.08662803798837937,0.06789380160714664,-147.97436096195162,-24.983613243143306,19.05256341690962,0.0437,-0.9612,-0.2163,0.1655
59,632076.0,603.936696,1.0,-3.0,-1.46,-9.15,18.06,-8.75,36.06,-0.44,-1.31,-0.63,-0.056774037192152314,0.08662803798837937,0.06789380160714664,-147.97436096195162,-24.983613243143306,19.05256341690962,0.0437,-0.9612,-0.2163,0.1655
60,632111.0,603.979087,1.0,-2.99,-1.43,-9.09,17.69,-8.38,36.06,0.44,-0.88,-0.63,-0.05416516004128026,0.11009858995343302,0.1320417683490671,-147.97436096195162,-24.983613243143306,19.06418290551579,0.0438,-0.9612,-0.2163,0.1656
61,632111.0,603.979087,1.0,-2.99,-1.43,-9.09,17.69,-8.38,36.06,0.44,-0.88,-0.63,-0.05416516004128026,0.11009858995343302,0.1320417683490671,-147.97436096195162,-24.983613243143306,19.06418290551579,0.0438,-0.9612,-0.2163,0.1656
62,632147.0,604.037941,1.0,-2.99,-1.67,-9.2,17.69,-8.38,36.06,0.56,-0.06,-0.37,-0.10347554937317494,-0.09698398095171534,-0.009096885393931942,-147.93284627196644,-24.995350383000986,19.110662839696182,0.0443,-0.9611,-0.2164,0.166
63,632147.0,604.037941,1.0,-2.99,-1.67,-9.2,17.69,-8.38,36.06,0.56,-0.06,-0.37,-0.10347554937317494,-0.09698398095171534,-0.009096885393931942,-147.93284627196644,-24.995350383000986,19.110662839696182,0.0443,-0.9611,-0.2164,0.166
64,632182.0,604.055942,1.0,-2.91,-1.59,-9.21,17.69,-8.38,36.56,0.44,0.19,-0.06,0.00010452745936492812,-0.0591087054659265,0.018044065036011855,-147.93284627196644,-24.995350383000986,19.110662839696182,0.0443,-0.9611,-0.2164,0.166
65,632182.0,604.055942,1.0,-2.91,-1.59,-9.21,17.69,-8.38,36.56,0.44,0.19,-0.06,0.00010452745936492812,-0.0591087054659265,0.018044065036011855,-147.93284627196644,-24.995350383000986,19.110662839696182,0.0443,-0.9611,-0.2164,0.166
66,632219.0,604.0589110000001,1.0,-2.97,-1.51,-9.02,18.37,-8.75,36.56,0.37,0.5,-0.06,-0.08683344795065252,0.03722614378901956,0.19142903704050876,-147.93284627196644,-24.995350383000986,19.08742247639564,0.0443,-0.9611,-0.2164,0.1658
67,632219.0,604.0589110000001,1.0,-2.97,-1.51,-9.02,18.37,-8.75,36.56,0.37,0.5,-0.06,-0.08683344795065252,0.03722614378901956,0.19142903704050876,-147.93284627196644,-24.995350383000986,19.08742247639564,0.0443,-0.9611,-0.2164,0.1658
68,632252.0,604.096147,1.0,-2.98,-1.54,-9.08,18.37,-8.75,36.56,0.25,0.94,0.75,-0.08694702985509334,0.014588501351594731,0.12725810847976682,-147.93284627196644,-24.97187636961762,19.08742247639564,0.0443,-0.9611,-0.2162,0.1658
69,632252.0,604.096147,1.0,-2.98,-1.54,-9.08,18.37,-8.75,36.56,0.25,0.94,0.75,-0.08694702985509334,0.014588501351594731,0.12725810847976682,-147.93284627196644,-24.97187636961762,19.08742247639564,0.0443,-0.9611,-0.2162,0.1658
70,632287.0,604.153907,1.0,-2.97,-1.39,-9.16,18.06,-8.38,36.19,-0.75,1.94,0.37,-0.003651073810351957,0.14544733346146166,0.07847279443631018,-147.97436096195162,-24.97187636961762,19.017706136871343,0.0441,-0.9612,-0.2162,0.1652
71,632287.0,604.153907,1.0,-2.97,-1.39,-9.16,18.06,-8.38,36.19,-0.75,1.94,0.37,-0.003651073810351957,0.14544733346146166,0.07847279443631018,-147.97436096195162,-24.97187636961762,19.017706136871343,0.0441,-0.9612,-0.2162,0.1652
72,632322.0,604.1711230000001,1.0,-2.83,-1.63,-9.28,18.06,-8.06,35.75,1.75,2.13,0.06,0.05213319898333882,-0.11830221284473685,-0.030396646021344512,-148.01592812505623,-24.97187636961762,18.959614614971002,0.0446,-0.9613,-0.2162,0.1647
73,632322.0,604.1711230000001,1.0,-2.83,-1.63,-9.28,18.06,-8.06,35.75,1.75,2.13,0.06,0.05213319898333882,-0.11830221284473685,-0.030396646021344512,-148.01592812505623,-24.97187636961762,18.959614614971002,0.0446,-0.9613,-0.2162,0.1647
74,632356.0,604.230972,1.0,-2.89,-1.55,-9.28,18.37,-8.06,34.5,-1.12,-0.75,-0.5,0.029583004716433464,-0.02561744008440059,-0.035680445204297584,-148.0575479662478,-24.97187636961762,18.947996901150276,0.0443,-0.9614,-0.2162,0.1646
75,632356.0,604.230972,1.0,-2.89,-1.55,-9.28,18.37,-8.06,34.5,-1.12,-0.75,-0.5,0.029583004716433464,-0.02561744008440059,-0.035680445204297584,-148.0575479662478,-24.97187636961762,18.947996901150276,0.0443,-0.9614,-0.2162,0.1646
76,632391.0,604.234466,1.0,-2.97,-1.39,-9.2,18.37,-8.06,34.5,0.25,1.81,0.19,-0.003992919425239015,0.1487654010480769,0.04084983247427587,-148.0575479662478,-24.97187636961762,18.93637938388069,0.0441,-0.9614,-0.2162,0.1645
77,632391.0,604.234466,1.0,-2.97,-1.39,-9.2,18.37,-8.06,34.5,0.25,1.81,0.19,-0.003992919425239015,0.1487654010480769,0.04084983247427587,-148.0575479662478,-24.97187636961762,18.93637938388069,0.0441,-0.9614,-0.2162,0.1645
78,632426.0,604.288775,1.0,-2.84,-1.59,-9.25,19.19,-8.38,35.69,0.25,0.44,-0.25,0.03804652660046025,-0.07618682370844954,0.0010930025772175613,-148.0575479662478,-24.96013976228266,18.88991127772655,0.0446,-0.9614,-0.2161,0.1641
79,632426.0,604.288775,1.0,-2.84,-1.59,-9.25,19.19,-8.38,35.69,0.25,0.44,-0.25,0.03804652660046025,-0.07618682370844954,0.0010930025772175613,-148.0575479662478,-24.96013976228266,18.88991127772655,0.0446,-0.9614,-0.2161,0.1641
80,632461.0,604.335083,1.0,-2.97,-1.5,-9.09,18.37,-8.38,35.25,0.06,-0.81,-0.44,-0.08665179633866962,0.05809986529716182,0.12738784465759426,-148.0575479662478,-24.97187636961762,18.91314493847748,0.0446,-0.9614,-0.2162,0.1643
81,632461.0,604.335083,1.0,-2.97,-1.5,-9.09,18.37,-8.38,35.25,0.06,-0.81,-0.44,-0.08665179633866962,0.05809986529716182,0.12738784465759426,-148.0575479662478,-24.97187636961762,18.91314493847748,0.0446,-0.9614,-0.2162,0.1643
82,632498.0,604.351904,1.0,-3.03,-1.54,-9.05,18.37,-8.38,35.25,0.94,1.81,-0.19,-0.1690350688751842,0.04729777868565432,0.14103103039325404,-148.0575479662478,-24.96013976228266,18.901528010085144,0.0446,-0.9614,-0.2161,0.1642
83,632498.0,604.351904,1.0,-3.03,-1.54,-9.05,18.37,-8.38,35.25,0.94,1.81,-0.19,-0.1690350688751842,0.04729777868565432,0.14103103039325404,-148.0575479662478,-24.96013976228266,18.901528010085144,0.0446,-0.9614,-0.2161,0.1642
84,632532.0,604.395459,1.0,-2.86,-1.58,-9.42,17.25,-8.38,35.25,0.25,0.56,-0.25,0.07906343523074963,-0.049497978062691295,-0.16349036628257174,-148.0992206918234,-24.96013976228266,18.86667840059343,0.0449,-0.9615,-0.2161,0.1639
85,632532.0,604.395459,1.0,-2.86,-1.58,-9.42,17.25,-8.38,35.25,0.25,0.56,-0.25,0.07906343523074963,-0.049497978062691295,-0.16349036628257174,-148.0992206918234,-24.96013976228266,18.86667840059343,0.0449,-0.9615,-0.2161,0.1639
86,632569.0,604.412679,1.0,-2.88,-1.5,-9.16,18.75,-8.38,35.0,-1.31,0.0,0.37,0.003036070774485436,0.01867489830194413,0.08812943200984336,-148.0992206918234,-24.97187636961762,18.855062255560348,0.0444,-0.9615,-0.2162,0.1638
87,632569.0,604.412679,1.0,-2.88,-1.5,-9.16,18.75,-8.38,35.0,-1.31,0.0,0.37,0.003036070774485436,0.01867489830194413,0.08812943200984336,-148.0992206918234,-24.97187636961762,18.855062255560348,0.0444,-0.9615,-0.2162,0.1638
88,632602.0,604.4473389999999,1.0,-2.76,-1.19,-9.3,18.75,-8.38,35.0,-7.81,3.94,1.0,0.25718216650916137,0.2346038032163188,0.03922872369855845,-148.1827256280383,-24.948403420997227,18.76214012304259,0.0435,-0.9617,-0.21600000000000003,0.163
89,632602.0,604.4473389999999,1.0,-2.76,-1.19,-9.3,18.75,-8.38,35.0,-7.81,3.94,1.0,0.25718216650916137,0.2346038032163188,0.03922872369855845,-148.1827256280383,-24.948403420997227,18.76214012304259,0.0435,-0.9617,-0.21600000000000003,0.163
90,632637.0,604.537514,1.0,-2.98,-1.54,-9.17,18.75,-8.38,35.75,-1.19,0.75,-0.06,-0.12283753757678785,0.008890341131878143,0.04316026009671958,-148.22455825803132,-24.93666734562011,18.715683728517142,0.0433,-0.9618,-0.2159,0.1626
91,632637.0,604.537514,1.0,-2.98,-1.54,-9.17,18.75,-8.38,35.75,-1.19,0.75,-0.06,-0.12283753757678785,0.008890341131878143,0.04316026009671958,-148.22455825803132,-24.93666734562011,18.715683728517142,0.0433,-0.9618,-0.2159,0.1626
92,632672.0,604.54245,1.0,-2.79,-1.51,-9.34,18.06,-8.75,35.69,1.0,1.31,0.12,0.09618318892568888,-0.04120106189556516,-0.05686110237459019,-148.26644461114088,-24.924931536010146,18.646004953165537,0.0433,-0.9619,-0.2158,0.162
93,632672.0,604.54245,1.0,-2.79,-1.51,-9.34,18.06,-8.75,35.69,1.0,1.31,0.12,0.09618318892568888,-0.04120106189556516,-0.05686110237459019,-148.26644461114088,-24.924931536010146,18.646004953165537,0.0433,-0.9619,-0.2158,0.162
94,632707.0,604.5998139999999,1.0,-2.91,-1.6,-9.22,18.75,-8.06,35.69,0.75,0.25,-0.06,-0.08123721278154328,-0.06881581827227667,0.007406922169192144,-148.26644461114088,-24.924931536010146,18.646004953165537,0.0435,-0.9619,-0.2158,0.162
95,632707.0,604.5998139999999,1.0,-2.91,-1.6,-9.22,18.75,-8.06,35.69,0.75,0.25,-0.06,-0.08123721278154328,-0.06881581827227667,0.007406922169192144,-148.26644461114088,-24.924931536010146,18.646004953165537,0.0435,-0.9619,-0.2158,0.162
96,632741.0,604.6166559999999,1.0,-2.76,-1.43,-9.33,18.75,-8.06,35.69,-1.06,1.37,0.69,0.14426538626702734,0.017048695857638352,-0.026472435945501967,-148.30838490049834,-24.9131959920262,18.611168175342147,0.0432,-0.9620000000000001,-0.2157,0.1617
97,632741.0,604.6166559999999,1.0,-2.76,-1.43,-9.33,18.75,-8.06,35.69,-1.06,1.37,0.69,0.14426538626702734,0.017048695857638352,-0.026472435945501967,-148.30838490049834,-24.9131959920262,18.611168175342147,0.0432,-0.9620000000000001,-0.2157,0.1617
98,632778.0,604.660075,1.0,-2.86,-1.44,-9.06,16.87,-8.38,35.69,-0.56,-1.44,-0.06,-0.031032289464494888,0.044948821540647166,0.19760131657390725,-148.30838490049834,-24.924931536010146,18.634392500869453,0.0431,-0.9620000000000001,-0.2158,0.1619
99,632778.0,604.660075,1.0,-2.86,-1.44,-9.06,16.87,-8.38,35.69,-0.56,-1.44,-0.06,-0.031032289464494888,0.044948821540647166,0.19760131657390725,-148.30838490049834,-24.924931536010146,18.634392500869453,0.0431,-0.9620000000000001,-0.2158,0.1619
100,632813.0,604.677982,1.0,-3.23,-2.07,-8.83,18.75,-9.19,35.25,-2.06,-0.25,0.81,-0.6751385197323806,-0.37458671029771184,0.2102666825390962,-148.30838490049834,-24.9131959920262,18.646004953165537,0.0428,-0.9620000000000001,-0.2157,0.162
101,632813.0,604.677982,1.0,-3.23,-2.07,-8.83,18.75,-9.19,35.25,-2.06,-0.25,0.81,-0.6751385197323806,-0.37458671029771184,0.2102666825390962,-148.30838490049834,-24.9131959920262,18.646004953165537,0.0428,-0.9620000000000001,-0.2157,0.162
102,632846.0,604.719636,1.0,-3.21,-1.27,-8.92,18.75,-9.19,35.25,1.81,10.56,0.69,-0.35745388859167043,0.3386288543757328,0.25463674537587977,-148.5189029496625,-24.88972570037191,18.35575126897081,0.0422,-0.9625,-0.2155,0.1595
103,632846.0,604.719636,1.0,-3.21,-1.27,-8.92,18.75,-9.19,35.25,1.81,10.56,0.69,-0.35745388859167043,0.3386288543757328,0.25463674537587977,-148.5189029496625,-24.88972570037191,18.35575126897081,0.0422,-0.9625,-0.2155,0.1595
104,632883.0,604.735871,1.0,-2.65,-1.29,-9.42,18.37,-9.19,35.75,-1.75,5.69,0.25,0.2483925089630216,0.09678995107166401,-0.060058309606739975,-148.60349534227024,-24.87799095241944,18.1816561801528,0.0424,-0.9627,-0.2154,0.158
105,632883.0,604.735871,1.0,-2.65,-1.29,-9.42,18.37,-9.19,35.75,-1.75,5.69,0.25,0.2483925089630216,0.09678995107166401,-0.060058309606739975,-148.60349534227024,-24.87799095241944,18.1816561801528,0.0424,-0.9627,-0.2154,0.158
106,632920.0,604.778957,1.0,-2.7,-1.5,-9.36,17.25,-9.19,36.56,-0.69,2.69,0.19,0.07811109663936659,-0.05977599060071238,-0.049308882195555626,-148.73080219796103,-24.8662564695287,18.03080801097451,0.0428,-0.963,-0.2153,0.1567
107,632920.0,604.778957,1.0,-2.7,-1.5,-9.36,17.25,-9.19,36.56,-0.69,2.69,0.19,0.07811109663936659,-0.05977599060071238,-0.049308882195555626,-148.73080219796103,-24.8662564695287,18.03080801097451,0.0428,-0.963,-0.2153,0.1567
108,632952.0,604.836325,1.0,-2.83,-1.39,-9.24,17.25,-9.19,36.56,-1.06,2.56,-0.12,-0.04017537757087263,0.09215119309297083,0.0440430686189881,-148.7733502639536,-24.8662564695287,17.961196420173227,0.0426,-0.9631,-0.2153,0.1561
109,632952.0,604.836325,1.0,-2.83,-1.39,-9.24,17.25,-9.19,36.56,-1.06,2.56,-0.12,-0.04017537757087263,0.09215119309297083,0.0440430686189881,-148.7733502639536,-24.8662564695287,17.961196420173227,0.0426,-0.9631,-0.2153,0.1561
110,632987.0,604.855869,1.0,-2.74,-1.5,-9.43,18.06,-8.75,36.56,-0.12,3.88,0.12,0.028926497905910512,-0.03372254295703192,-0.1271572282391027,-148.85861645005238,-24.8662564695287,17.81039419409229,0.0428,-0.9633,-0.2153,0.1548
111,632987.0,604.855869,1.0,-2.74,-1.5,-9.43,18.06,-8.75,36.56,-0.12,3.88,0.12,0.028926497905910512,-0.03372254295703192,-0.1271572282391027,-148.85861645005238,-24.8662564695287,17.81039419409229,0.0428,-0.9633,-0.2153,0.1548
112,633022.0,604.9016349999999,1.0,-2.76,-1.51,-9.17,17.25,-8.75,37.0,1.0,5.44,0.06,-0.09418589335662853,-0.028214706278392513,0.11247995054026204,-148.90133503664836,-24.8662564695287,17.682816604505923,0.0431,-0.9634,-0.2153,0.1537
113,633022.0,604.9016349999999,1.0,-2.76,-1.51,-9.17,17.25,-8.75,37.0,1.0,5.44,0.06,-0.09418589335662853,-0.028214706278392513,0.11247995054026204,-148.90133503664836,-24.8662564695287,17.682816604505923,0.0431,-0.9634,-0.2153,0.1537
114,633057.0,604.918433,1.0,-2.67,-1.51,-9.31,17.25,-8.75,37.0,-0.56,3.38,-0.12,0.007278258801404341,-0.05453624973090177,0.004503662364852445,-148.98694437514695,-24.854522251558684,17.555261104447528,0.0434,-0.9636,-0.2152,0.1526
115,633057.0,604.918433,1.0,-2.67,-1.51,-9.31,17.25,-8.75,37.0,-0.56,3.38,-0.12,0.007278258801404341,-0.05453624973090177,0.004503662364852445,-148.98694437514695,-24.854522251558684,17.555261104447528,0.0434,-0.9636,-0.2152,0.1526
116,633090.0,604.960793,1.0,-2.69,-1.44,-9.23,17.69,-9.88,35.0,-0.75,2.31,0.81,-0.01781504238648804,0.019539086456618948,0.08544118378968335,-149.0298356031949,-24.831054609816945,17.485694626999518,0.0435,-0.9637,-0.215,0.152
117,633090.0,604.960793,1.0,-2.69,-1.44,-9.23,17.69,-9.88,35.0,-0.75,2.31,0.81,-0.01781504238648804,0.019539086456618948,0.08544118378968335,-149.0298356031949,-24.831054609816945,17.485694626999518,0.0435,-0.9637,-0.215,0.152
118,633124.0,604.979729,1.0,-2.76,-1.39,-9.17,16.87,-8.38,36.06,-0.56,3.31,0.81,-0.08986245040048085,0.09752684531309863,0.1308547740533843,-149.11579237958978,-24.807588026066757,17.404541942676424,0.0436,-0.9639,-0.2148,0.1513
119,633124.0,604.979729,1.0,-2.76,-1.39,-9.17,16.87,-8.38,36.06,-0.56,3.31,0.81,-0.08986245040048085,0.09752684531309863,0.1308547740533843,-149.11579237958978,-24.807588026066757,17.404541942676424,0.0436,-0.9639,-0.2148,0.1513
120,633159.0,605.022484,1.0,-2.73,-1.43,-9.28,17.25,-9.19,37.75,-0.63,3.06,0.63,-0.0667383223854479,0.056663877752358476,0.02868829004821727,-149.20198320614296,-24.79585513058625,17.277034050168414,0.0437,-0.9641,-0.2147,0.1502
121,633159.0,605.022484,1.0,-2.73,-1.43,-9.28,17.25,-9.19,37.75,-0.63,3.06,0.63,-0.0667383223854479,0.056663877752358476,0.02868829004821727,-149.20198320614296,-24.79585513058625,17.277034050168414,0.0437,-0.9641,-0.2147,0.1502
122,633194.0,605.079915,1.0,-2.58,-1.32,-9.32,17.25,-9.19,37.75,-0.81,3.81,0.56,0.0996199366254347,0.09479295174980128,0.047434346858333136,-149.24516700325162,-24.78412249918103,17.161136490218524,0.0436,-0.9642,-0.2146,0.1492
123,633194.0,605.079915,1.0,-2.58,-1.32,-9.32,17.25,-9.19,37.75,-0.81,3.81,0.56,0.0996199366254347,0.09479295174980128,0.047434346858333136,-149.24516700325162,-24.78412249918103,17.161136490218524,0.0436,-0.9642,-0.2146,0.1492
124,633231.0,605.1358150000001,1.0,-2.59,-1.59,-9.49,17.25,-8.75,35.75,1.94,3.44,0.19,0.015415086901371432,-0.1277785053208792,-0.15727166913579185,-149.33171261025748,-24.772390131710253,17.033669594732867,0.0441,-0.9644,-0.2145,0.1481
125,633231.0,605.1358150000001,1.0,-2.59,-1.59,-9.49,17.25,-8.75,35.75,1.94,3.44,0.19,0.015415086901371432,-0.1277785053208792,-0.15727166913579185,-149.33171261025748,-24.772390131710253,17.033669594732867,0.0441,-0.9644,-0.2145,0.1481
126,633264.0,605.151463,1.0,-2.52,-1.6,-9.4,16.19,-9.56,36.19,-0.5,2.25,0.56,0.03174928230861285,-0.16194845762541965,-0.05454489109436622,-149.37507492345586,-24.772390131710253,16.9525653616307,0.0443,-0.9645,-0.2145,0.1474
127,633264.0,605.151463,1.0,-2.52,-1.6,-9.4,16.19,-9.56,36.19,-0.5,2.25,0.56,0.03174928230861285,-0.16194845762541965,-0.05454489109436622,-149.37507492345586,-24.772390131710253,16.9525653616307,0.0443,-0.9645,-0.2145,0.1474
128,633298.0,605.154319,1.0,-2.62,-1.48,-9.34,16.19,-9.56,36.19,-1.0,2.06,1.31,-0.0396388220450833,-0.015905149421198028,-0.0060242425298522315,-149.46197984083236,-24.737194611496925,16.871469682269606,0.044000000000000004,-0.9647,-0.2142,0.1467
129,633298.0,605.154319,1.0,-2.62,-1.48,-9.34,16.19,-9.56,36.19,-1.0,2.06,1.31,-0.0396388220450833,-0.015905149421198028,-0.0060242425298522315,-149.46197984083236,-24.737194611496925,16.871469682269606,0.044000000000000004,-0.9647,-0.2142,0.1467
130,633333.0,605.1952759999999,1.0,-2.75,-1.49,-9.31,16.87,-8.75,36.69,0.12,4.81,1.37,-0.18446192429017252,0.032833123477779565,-0.01290170995549289,-149.54912686270868,-24.70200146162693,16.755633464025784,0.044000000000000004,-0.9649,-0.2139,0.1457
131,633333.0,605.1952759999999,1.0,-2.75,-1.49,-9.31,16.87,-8.75,36.69,0.12,4.81,1.37,-0.18446192429017252,0.032833123477779565,-0.01290170995549289,-149.54912686270868,-24.70200146162693,16.755633464025784,0.044000000000000004,-0.9649,-0.2139,0.1457
132,633370.0,605.2128,1.0,-3.15,-1.83,-8.9,18.06,-8.75,36.88,-5.63,7.5,2.56,-0.8166208288563933,-0.11301012904666008,0.2253265458726492,-149.72415559222358,-24.631622257728548,16.59349169701811,0.0439,-0.9653,-0.2133,0.1443
133,633370.0,605.2128,1.0,-3.15,-1.83,-8.9,18.06,-8.75,36.88,-5.63,7.5,2.56,-0.8166208288563933,-0.11301012904666008,0.2253265458726492,-149.72415559222358,-24.631622257728548,16.59349169701811,0.0439,-0.9653,-0.2133,0.1443
134,633403.0,605.2595230000001,1.0,-2.53,-1.31,-9.36,18.06,-8.75,36.88,0.25,2.06,-0.25,0.03340292560807788,0.09769639320909773,0.023197661519745342,-149.85607839466778,-24.61989330860375,16.419805484293857,0.0432,-0.9656,-0.2132,0.1428
135,633403.0,605.2595230000001,1.0,-2.53,-1.31,-9.36,18.06,-8.75,36.88,0.25,2.06,-0.25,0.03340292560807788,0.09769639320909773,0.023197661519745342,-149.85607839466778,-24.61989330860375,16.419805484293857,0.0432,-0.9656,-0.2132,0.1428
136,633438.0,605.3191889999999,1.0,-2.55,-1.26,-9.46,15.75,-9.19,36.19,-1.75,3.44,0.12,0.04991838249686572,0.1567181731887035,-0.07032562866697134,-149.900178159723,-24.608164621444825,16.327188391573927,0.0432,-0.9657,-0.2131,0.142
137,633438.0,605.3191889999999,1.0,-2.55,-1.26,-9.46,15.75,-9.19,36.19,-1.75,3.44,0.12,0.04991838249686572,0.1567181731887035,-0.07032562866697134,-149.900178159723,-24.608164621444825,16.327188391573927,0.0432,-0.9657,-0.2131,0.142
138,633473.0,605.3354469999999,1.0,-2.45,-1.23,-9.33,15.75,-9.56,37.0,-0.12,2.88,-0.37,0.09395242755161484,0.14405691187199654,0.0837532841287949,-149.94434113378782,-24.608164621444825,16.223006993376618,0.0433,-0.9658,-0.2131,0.1411
139,633473.0,605.3354469999999,1.0,-2.45,-1.23,-9.33,15.75,-9.56,37.0,-0.12,2.88,-0.37,0.09395242755161484,0.14405691187199654,0.0837532841287949,-149.94434113378782,-24.608164621444825,16.223006993376618,0.0433,-0.9658,-0.2131,0.1411
140,633507.0,605.338702,1.0,-2.47,-1.58,-9.29,15.75,-9.56,37.0,1.5,2.25,-1.56,-0.08585941604976803,-0.15025670110213776,0.06645230773268906,-149.94434113378782,-24.64335146895964,16.1419863535435,0.0439,-0.9658,-0.2134,0.1404
141,633507.0,605.338702,1.0,-2.47,-1.58,-9.29,15.75,-9.56,37.0,1.5,2.25,-1.56,-0.08585941604976803,-0.15025670110213776,0.06645230773268906,-149.94434113378782,-24.64335146895964,16.1419863535435,0.0439,-0.9658,-0.2134,0.1404
142,633542.0,605.389369,1.0,-2.46,-1.6,-9.33,17.25,-9.19,37.5,0.19,2.63,0.06,-0.08620014813144099,-0.16500750652571486,0.02780333706206761,-149.98856759602742,-24.64335146895964,16.0609738361326,0.0441,-0.9659,-0.2134,0.1397
143,633542.0,605.389369,1.0,-2.46,-1.6,-9.33,17.25,-9.19,37.5,0.19,2.63,0.06,-0.08620014813144099,-0.16500750652571486,0.02780333706206761,-149.98856759602742,-24.64335146895964,16.0609738361326,0.0441,-0.9659,-0.2134,0.1397
144,633577.0,605.428906,1.0,-2.45,-1.45,-9.32,16.19,-8.38,36.5,-1.69,3.06,0.81,-0.03999450147430328,-0.032210706936760425,0.06166344740740647,-150.0772121119661,-24.61989330860375,15.945255673236543,0.044000000000000004,-0.9661,-0.2132,0.1387
145,633577.0,605.428906,1.0,-2.45,-1.45,-9.32,16.19,-8.38,36.5,-1.69,3.06,0.81,-0.03999450147430328,-0.032210706936760425,0.06166344740740647,-150.0772121119661,-24.61989330860375,15.945255673236543,0.044000000000000004,-0.9661,-0.2132,0.1387
146,633612.0,605.482677,1.0,-2.81,-1.51,-9.12,15.75,-9.56,36.06,-2.06,4.75,0.5,-0.4536476986703795,0.056696105174497864,0.15566096689312836,-150.1661139822511,-24.608164621444825,15.841123321226055,0.0436,-0.9663,-0.2131,0.1378
147,633612.0,605.482677,1.0,-2.81,-1.51,-9.12,15.75,-9.56,36.06,-2.06,4.75,0.5,-0.4536476986703795,0.056696105174497864,0.15566096689312836,-150.1661139822511,-24.608164621444825,15.841123321226055,0.0436,-0.9663,-0.2131,0.1378
148,633647.0,605.498917,1.0,-2.18,-1.18,-9.78,15.75,-9.56,36.06,-2.88,8.63,0.75,0.3481041899286445,0.10272188683417104,-0.2760813604459056,-150.38950981826167,-24.58470803246293,15.470980940849387,0.0428,-0.9668,-0.2129,0.1346
149,633647.0,605.498917,1.0,-2.18,-1.18,-9.78,15.75,-9.56,36.06,-2.88,8.63,0.75,0.3481041899286445,0.10272188683417104,-0.2760813604459056,-150.38950981826167,-24.58470803246293,15.470980940849387,0.0428,-0.9668,-0.2129,0.1346
150,633681.0,605.5566769999999,1.0,-2.24,-1.39,-9.57,16.87,-8.75,36.06,-6.5,-1.44,-3.19,0.14312829295086904,-0.0822666983589252,-0.11843672416005367,-150.38950981826167,-24.64335146895964,15.436288478593855,0.0419,-0.9668,-0.2134,0.1343
151,633681.0,605.5566769999999,1.0,-2.24,-1.39,-9.57,16.87,-8.75,36.06,-6.5,-1.44,-3.19,0.14312829295086904,-0.0822666983589252,-0.11843672416005367,-150.38950981826167,-24.64335146895964,15.436288478593855,0.0419,-0.9668,-0.2134,0.1343
152,633718.0,605.601896,1.0,-1.74,-1.99,-10.08,15.38,-9.19,37.0,-9.5,1.19,-11.06,0.4438239218749743,-0.8627632053263466,-0.5689348017307712,-150.12163073433226,-25.054040082214637,15.332219618835126,0.0395,-0.9662,-0.2169,0.1334
153,633718.0,605.601896,1.0,-1.74,-1.99,-10.08,15.38,-9.19,37.0,-9.5,1.19,-11.06,0.4438239218749743,-0.8627632053263466,-0.5689348017307712,-150.12163073433226,-25.054040082214637,15.332219618835126,0.0395,-0.9662,-0.2169,0.1334
154,633751.0,605.613831,1.0,-2.34,-1.28,-9.77,15.38,-9.19,37.0,-30.87,-4.81,-20.12,0.0752005555497444,-0.08990115913136842,-0.3202035418476292,-149.72415559222358,-25.72357910404833,15.22816347918777,0.0324,-0.9653,-0.2226,0.1325
155,633751.0,605.613831,1.0,-2.34,-1.28,-9.77,15.38,-9.19,37.0,-30.87,-4.81,-20.12,0.0752005555497444,-0.08990115913136842,-0.3202035418476292,-149.72415559222358,-25.72357910404833,15.22816347918777,0.0324,-0.9653,-0.2226,0.1325
156,633786.0,605.667068,1.0,-2.34,-0.91,-9.6,16.19,-9.88,36.56,-23.87,-7.75,-16.12,0.15235226842234273,0.09894975356598196,-0.11457460851359612,-149.11579237958978,-26.535272907054928,15.239724647140953,0.0241,-0.9639,-0.2295,0.1326
157,633786.0,605.667068,1.0,-2.34,-0.91,-9.6,16.19,-9.88,36.56,-23.87,-7.75,-16.12,0.15235226842234273,0.09894975356598196,-0.11457460851359612,-149.11579237958978,-26.535272907054928,15.239724647140953,0.0241,-0.9639,-0.2295,0.1326
158,633823.0,605.6852769999999,1.0,-2.49,-1.05,-9.24,15.75,-9.88,35.75,-12.13,-6.56,-7.44,-0.13369750745591985,-0.013466230136980341,0.1805322136259946,-148.8159549371668,-26.87682214392707,15.332219618835126,0.0206,-0.9632,-0.2324,0.1334
159,633823.0,605.6852769999999,1.0,-2.49,-1.05,-9.24,15.75,-9.88,35.75,-12.13,-6.56,-7.44,-0.13369750745591985,-0.013466230136980341,0.1805322136259946,-148.8159549371668,-26.87682214392707,15.332219618835126,0.0206,-0.9632,-0.2324,0.1334
160,633858.0,605.731262,1.0,-1.89,-1.05,-9.74,15.75,-9.88,35.75,-9.19,-1.63,-2.94,0.4990010683880886,-0.35784047623412313,-0.15151991858022384,-148.6458749656724,-27.077153605664893,15.343782195666375,0.0173,-0.9628,-0.2341,0.1335
161,633858.0,605.731262,1.0,-1.89,-1.05,-9.74,15.75,-9.88,35.75,-9.19,-1.63,-2.94,0.4990010683880886,-0.35784047623412313,-0.15151991858022384,-148.6458749656724,-27.077153605664893,15.343782195666375,0.0173,-0.9628,-0.2341,0.1335
162,633892.0,605.747838,1.0,-2.22,-1.01,-9.55,17.25,-11.06,35.25,-4.94,-5.31,4.69,0.1967547281791528,-0.20876795836797307,-0.04569507701075182,-148.6458749656724,-27.018223861950197,15.470980940849387,0.0154,-0.9628,-0.2336,0.1346
163,633892.0,605.747838,1.0,-2.22,-1.01,-9.55,17.25,-11.06,35.25,-4.94,-5.31,4.69,0.1967547281791528,-0.20876795836797307,-0.04569507701075182,-148.6458749656724,-27.018223861950197,15.470980940849387,0.0154,-0.9628,-0.2336,0.1346
164,633925.0,605.804526,1.0,-1.96,-1.04,-9.51,15.75,-10.25,36.19,-5.44,-0.56,4.19,0.3852681429381202,-0.38594107343087664,0.05647472229980721,-148.8159549371668,-26.888604025029306,15.459416628401115,0.0137,-0.9632,-0.2325,0.1345
165,633925.0,605.804526,1.0,-1.96,-1.04,-9.51,15.75,-10.25,36.19,-5.44,-0.56,4.19,0.3852681429381202,-0.38594107343087664,0.05647472229980721,-148.8159549371668,-26.888604025029306,15.459416628401115,0.0137,-0.9632,-0.2325,0.1345
166,633962.0,605.839939,1.0,-0.45,-1.93,-11.22,16.87,-10.69,35.69,-13.69,5.94,2.56,1.6910660510892703,-1.94894971732252,-1.290993471034824,-148.90133503664836,-26.86504055226497,15.262847451308847,0.0121,-0.9634,-0.2323,0.1328
167,633962.0,605.839939,1.0,-0.45,-1.93,-11.22,16.87,-10.69,35.69,-13.69,5.94,2.56,1.6910660510892703,-1.94894971732252,-1.290993471034824,-148.90133503664836,-26.86504055226497,15.262847451308847,0.0121,-0.9634,-0.2323,0.1328
168,633997.0,605.847054,1.0,-0.99,-0.24,-11.07,16.87,-10.69,35.69,-46.5,-1.12,-0.56,1.800681854682749,-0.4598121076051048,-1.1536747070475073,-148.98694437514695,-27.077153605664893,14.881400387429185,-0.001,-0.9636,-0.2341,0.1295
169,633997.0,605.847054,1.0,-0.99,-0.24,-11.07,16.87,-10.69,35.69,-46.5,-1.12,-0.56,1.800681854682749,-0.4598121076051048,-1.1536747070475073,-148.98694437514695,-27.077153605664893,14.881400387429185,-0.001,-0.9636,-0.2341,0.1295
170,634034.0,605.900749,1.0,-0.08,0.06,-13.1,16.87,-11.38,35.0,-45.38,-3.38,-24.87,3.1049633706691364,-1.0307476695711464,-2.8786470681997347,-148.39242814751884,-27.82029976108695,14.696516297153034,-0.0125,-0.9622,-0.2404,0.1279
171,634034.0,605.900749,1.0,-0.08,0.06,-13.1,16.87,-11.38,35.0,-45.38,-3.38,-24.87,3.1049633706691364,-1.0307476695711464,-2.8786470681997347,-148.39242814751884,-27.82029976108695,14.696516297153034,-0.0125,-0.9622,-0.2404,0.1279
172,634071.0,605.916352,1.0,-0.12,1.11,-13.18,16.56,-12.88,34.88,-42.44,-25.31,-24.25,3.5765315976739083,-0.5165961005577451,-2.9173607748983215,-147.03240000479886,-29.002366759572602,15.066323443247011,-0.0268,-0.9589,-0.2504,0.1311
173,634071.0,605.916352,1.0,-0.12,1.11,-13.18,16.56,-12.88,34.88,-42.44,-25.31,-24.25,3.5765315976739083,-0.5165961005577451,-2.9173607748983215,-147.03240000479886,-29.002366759572602,15.066323443247011,-0.0268,-0.9589,-0.2504,0.1311
174,634103.0,605.958837,1.0,-0.93,2.0,-12.96,16.56,-12.88,34.88,-20.06,-80.12,-42.13,3.5691664558029057,0.3134171560036008,-2.8420384892108057,-145.18454955392758,-30.080791981197944,16.581911426258042,-0.0361,-0.9542,-0.2595,0.1442
175,634103.0,605.958837,1.0,-0.93,2.0,-12.96,16.56,-12.88,34.88,-20.06,-80.12,-42.13,3.5691664558029057,0.3134171560036008,-2.8420384892108057,-145.18454955392758,-30.080791981197944,16.581911426258042,-0.0361,-0.9542,-0.2595,0.1442
176,634138.0,606.008568,1.0,-2.92,2.27,-11.31,18.06,-13.25,34.5,6.63,-101.69,-52.75,2.4614815900053317,1.471269189567975,-1.7420241816492863,-141.5733981273395,-31.85252256097231,20.436707276203283,-0.0385,-0.9443,-0.2744,0.1774
177,634138.0,606.008568,1.0,-2.92,2.27,-11.31,18.06,-13.25,34.5,6.63,-101.69,-52.75,2.4614815900053317,1.471269189567975,-1.7420241816492863,-141.5733981273395,-31.85252256097231,20.436707276203283,-0.0385,-0.9443,-0.2744,0.1774
178,634175.0,606.036693,1.0,-2.43,2.31,-11.91,20.69,-12.19,32.5,69.0,-87.56,-48.56,3.7177024713897833,1.1930267545794977,-1.9340686959350928,-138.9763854221543,-33.15356371555689,23.21428107252436,-0.0287,-0.9366,-0.2853,0.2012
179,634175.0,606.036693,1.0,-2.43,2.31,-11.91,20.69,-12.19,32.5,69.0,-87.56,-48.56,3.7177024713897833,1.1930267545794977,-1.9340686959350928,-138.9763854221543,-33.15356371555689,23.21428107252436,-0.0287,-0.9366,-0.2853,0.2012
180,634212.0,606.0823320000001,1.0,-3.36,1.34,-10.51,24.0,-10.69,31.69,79.87,-92.75,-64.37,2.9733658598515884,1.279220673937056,-0.8266933091780224,-135.03608676528202,-34.63902408126335,27.761276718209416,-0.0081,-0.924,-0.2977,0.2399
181,634212.0,606.0823320000001,1.0,-3.36,1.34,-10.51,24.0,-10.69,31.69,79.87,-92.75,-64.37,2.9733658598515884,1.279220673937056,-0.8266933091780224,-135.03608676528202,-34.63902408126335,27.761276718209416,-0.0081,-0.924,-0.2977,0.2399
182,634245.0,606.100008,1.0,-2.97,1.67,-9.07,24.0,-10.69,31.69,77.0,-104.37,-88.25,3.6960155043553486,1.668435756451399,1.0071902712348688,-130.02500909601727,-36.963188541465996,32.38912849332685,0.0128,-0.9064,-0.317,0.2789
183,634245.0,606.100008,1.0,-2.97,1.67,-9.07,24.0,-10.69,31.69,77.0,-104.37,-88.25,3.6960155043553486,1.668435756451399,1.0071902712348688,-130.02500909601727,-36.963188541465996,32.38912849332685,0.0128,-0.9064,-0.317,0.2789
184,634284.0,606.155846,1.0,-5.1,0.25,-5.67,25.06,-7.0,29.19,88.81,-106.12,-116.94,0.4240153471946749,2.4853130806852946,2.604925909456268,-125.39569465421295,-39.351894536966725,36.09435595913239,0.032,-0.8886,-0.3367,0.3098
185,634284.0,606.155846,1.0,-5.1,0.25,-5.67,25.06,-7.0,29.19,88.81,-106.12,-116.94,0.4240153471946749,2.4853130806852946,2.604925909456268,-125.39569465421295,-39.351894536966725,36.09435595913239,0.032,-0.8886,-0.3367,0.3098
186,634318.0,606.158922,1.0,-6.65,-1.07,-3.6,28.56,-3.19,27.25,114.5,-89.44,-117.37,-1.5852071609636695,3.1785648096134507,3.0456409031331333,-119.17426448564116,-42.384689535903355,40.73006975326216,0.0663,-0.8624,-0.3615,0.348
187,634318.0,606.158922,1.0,-6.65,-1.07,-3.6,28.56,-3.19,27.25,114.5,-89.44,-117.37,-1.5852071609636695,3.1785648096134507,3.0456409031331333,-119.17426448564116,-42.384689535903355,40.73006975326216,0.0663,-0.8624,-0.3615,0.348
188,634353.0,606.198614,1.0,-7.22,-2.72,-2.58,28.56,-3.19,27.25,124.62,-66.06,-112.31,-2.894179636554334,2.8995625544626598,2.7781749716519446,-114.87396927454428,-44.23410474921271,43.7274156925049,0.0966,-0.8428,-0.3765,0.3724
189,634353.0,606.198614,1.0,-7.22,-2.72,-2.58,28.56,-3.19,27.25,124.62,-66.06,-112.31,-2.894179636554334,2.8995625544626598,2.7781749716519446,-114.87396927454428,-44.23410474921271,43.7274156925049,0.0966,-0.8428,-0.3765,0.3724
190,634388.0,606.2619950000001,1.0,-7.24,-4.2,-1.17,30.5,1.56,25.56,138.63,-56.0,-100.5,-3.9986543784827564,2.5718801485574705,2.8193260728518768,-109.45205367310278,-45.88411078347371,47.431566664841,0.1407,-0.8164,-0.3898,0.4022
191,634388.0,606.2619950000001,1.0,-7.24,-4.2,-1.17,30.5,1.56,25.56,138.63,-56.0,-100.5,-3.9986543784827564,2.5718801485574705,2.8193260728518768,-109.45205367310278,-45.88411078347371,47.431566664841,0.1407,-0.8164,-0.3898,0.4022
192,634423.0,606.279123,1.0,-7.51,-7.06,-0.2,32.38,6.19,23.25,150.88,-8.56,-86.87,-5.778037571703237,1.4117367539689054,1.3861404454968316,-106.05037621061463,-46.35737642818546,49.46722789019666,0.1784,-0.7989,-0.3936,0.4184
193,634423.0,606.279123,1.0,-7.51,-7.06,-0.2,32.38,6.19,23.25,150.88,-8.56,-86.87,-5.778037571703237,1.4117367539689054,1.3861404454968316,-106.05037621061463,-46.35737642818546,49.46722789019666,0.1784,-0.7989,-0.3936,0.4184
194,634460.0,606.333654,1.0,-6.6,-8.83,-1.2,31.87,11.5,20.0,112.19,25.12,-82.5,-4.93308306391774,0.2342307117415361,-0.12203206048340574,-102.86973660263024,-46.868945786012894,50.21272747501065,0.2247,-0.7819,-0.3977,0.4243
195,634460.0,606.333654,1.0,-6.6,-8.83,-1.2,31.87,11.5,20.0,112.19,25.12,-82.5,-4.93308306391774,0.2342307117415361,-0.12203206048340574,-102.86973660263024,-46.868945786012894,50.21272747501065,0.2247,-0.7819,-0.3977,0.4243
196,634494.0,606.376747,1.0,-7.0,-8.8,-0.63,31.87,11.5,20.0,57.69,25.87,-67.25,-5.321705276381526,1.001710989694704,-0.06821344434483301,-101.23005073336391,-47.50667419847937,49.98504770101025,0.2487,-0.7729,-0.4028,0.4225
197,634494.0,606.376747,1.0,-7.0,-8.8,-0.63,31.87,11.5,20.0,57.69,25.87,-67.25,-5.321705276381526,1.001710989694704,-0.06821344434483301,-101.23005073336391,-47.50667419847937,49.98504770101025,0.2487,-0.7729,-0.4028,0.4225
198,634531.0,606.422369,1.0,-5.57,-6.68,0.0,30.37,15.19,20.75,27.87,54.31,-60.5,-4.5349613770998385,1.293430966945103,2.498540693075247,-100.34925747843585,-48.34685890896744,48.485062871877595,0.2717,-0.768,-0.4095,0.4106
199,634531.0,606.422369,1.0,-5.57,-6.68,0.0,30.37,15.19,20.75,27.87,54.31,-60.5,-4.5349613770998385,1.293430966945103,2.498540693075247,-100.34925747843585,-48.34685890896744,48.485062871877595,0.2717,-0.768,-0.4095,0.4106
200,634566.0,606.440085,1.0,-3.18,-9.15,-1.83,29.87,18.56,21.06,43.19,76.87,-55.75,-3.1864906941166566,-1.5021887732080108,0.5993971010102168,-100.06340703701152,-48.57304992918911,46.7191162156521,0.2938,-0.7664,-0.4113,0.3965
201,634566.0,606.440085,1.0,-3.18,-9.15,-1.83,29.87,18.56,21.06,43.19,76.87,-55.75,-3.1864906941166566,-1.5021887732080108,0.5993971010102168,-100.06340703701152,-48.57304992918911,46.7191162156521,0.2938,-0.7664,-0.4113,0.3965
202,634599.0,606.458164,1.0,-2.75,-7.78,-2.09,29.87,18.56,21.06,-10.63,51.75,-35.63,-2.421293793181189,-0.8807306533670287,1.6936573411026714,-100.3671515088305,-49.05122823331522,44.30833052387342,0.309,-0.7681,-0.4151,0.3771
203,634599.0,606.458164,1.0,-2.75,-7.78,-2.09,29.87,18.56,21.06,-10.63,51.75,-35.63,-2.421293793181189,-0.8807306533670287,1.6936573411026714,-100.3671515088305,-49.05122823331522,44.30833052387342,0.309,-0.7681,-0.4151,0.3771
204,634636.0,606.503975,1.0,-1.93,-8.1,-2.17,28.37,19.56,22.25,-4.44,92.69,-31.31,-2.3123250939033806,-1.5580276286114298,1.6660417568410055,-101.10372013014187,-49.03863296676083,42.21267498362913,0.3192,-0.7722,-0.415,0.3601
205,634636.0,606.503975,1.0,-1.93,-8.1,-2.17,28.37,19.56,22.25,-4.44,92.69,-31.31,-2.3123250939033806,-1.5580276286114298,1.6660417568410055,-101.10372013014187,-49.03863296676083,42.21267498362913,0.3192,-0.7722,-0.415,0.3601
206,634673.0,606.564612,1.0,3.73,-8.92,-7.78,26.37,20.0,24.0,-16.12,81.31,-12.19,4.023718991125009,-5.207986675251076,-0.7144839821745029,-103.09058276649,-48.397106226699925,38.41618161401926,0.3325,-0.7831,-0.4099,0.32899999999999996
207,634673.0,606.564612,1.0,3.73,-8.92,-7.78,26.37,20.0,24.0,-16.12,81.31,-12.19,4.023718991125009,-5.207986675251076,-0.7144839821745029,-103.09058276649,-48.397106226699925,38.41618161401926,0.3325,-0.7831,-0.4099,0.32899999999999996
208,634705.0,606.5798530000001,1.0,2.75,-7.29,-8.3,26.37,20.0,24.0,-16.62,-21.94,26.75,4.617653216492238,-3.5591246811484374,0.02879183595103818,-103.77492816963002,-48.171071061668,38.07658496090942,0.3287,-0.7868,-0.4081,0.3262
209,634705.0,606.5798530000001,1.0,2.75,-7.29,-8.3,26.37,20.0,24.0,-16.62,-21.94,26.75,4.617653216492238,-3.5591246811484374,0.02879183595103818,-103.77492816963002,-48.171071061668,38.07658496090942,0.3287,-0.7868,-0.4081,0.3262
210,634740.0,606.638321,1.0,-1.65,-6.25,-6.01,23.75,21.37,24.69,-3.5,-68.56,-12.13,1.3874295229007738,-0.15065633148009286,1.0912933240647984,-103.12744256593236,-48.67364391258275,39.83905516372589,0.3171,-0.7833,-0.4121,0.3407
211,634740.0,606.638321,1.0,-1.65,-6.25,-6.01,23.75,21.37,24.69,-3.5,-68.56,-12.13,1.3874295229007738,-0.15065633148009286,1.0912933240647984,-103.12744256593236,-48.67364391258275,39.83905516372589,0.3171,-0.7833,-0.4121,0.3407
212,634775.0,606.6417849999999,1.0,-1.07,-9.0,-6.81,24.56,19.87,25.5,-14.81,-59.13,-30.56,1.1175135390896682,-1.8577337606677011,-1.3208379808709159,-101.28424437309431,-50.541973215859535,41.30509675325747,0.309,-0.7732,-0.4269,0.3527
213,634775.0,606.6417849999999,1.0,-1.07,-9.0,-6.81,24.56,19.87,25.5,-14.81,-59.13,-30.56,1.1175135390896682,-1.8577337606677011,-1.3208379808709159,-101.28424437309431,-50.541973215859535,41.30509675325747,0.309,-0.7732,-0.4269,0.3527
214,634812.0,606.683064,1.0,-3.71,-6.56,-4.76,25.25,20.25,23.5,-76.81,-99.94,-45.06,-0.5479606901415328,1.0505847232546437,0.9719847080195744,-99.95643230547014,-53.26933184501482,42.175827701141685,0.2883,-0.7658,-0.4483,0.3598
215,634812.0,606.683064,1.0,-3.71,-6.56,-4.76,25.25,20.25,23.5,-76.81,-99.94,-45.06,-0.5479606901415328,1.0505847232546437,0.9719847080195744,-99.95643230547014,-53.26933184501482,42.175827701141685,0.2883,-0.7658,-0.4483,0.3598
216,634847.0,606.7424990000001,1.0,-4.92,-7.24,-2.15,25.25,20.25,23.5,-34.44,-36.13,-40.13,-3.433570763329016,1.672170227131676,1.6420349726575232,-98.4534931114122,-55.93880786648987,42.48302850521899,0.2745,-0.7573,-0.469,0.3623
217,634847.0,606.7424990000001,1.0,-4.92,-7.24,-2.15,25.25,20.25,23.5,-34.44,-36.13,-40.13,-3.433570763329016,1.672170227131676,1.6420349726575232,-98.4534931114122,-55.93880786648987,42.48302850521899,0.2745,-0.7573,-0.469,0.3623
218,634884.0,606.7545240000001,1.0,-2.82,-7.04,-4.85,26.37,20.56,23.37,-13.13,74.87,-22.06,-0.7018674252365549,0.23825791522862794,0.8351888434646444,-98.98130473446213,-56.22443872055198,40.77896631080099,0.2803,-0.7603,-0.4712,0.3484
219,634884.0,606.7545240000001,1.0,-2.82,-7.04,-4.85,26.37,20.56,23.37,-13.13,74.87,-22.06,-0.7018674252365549,0.23825791522862794,0.8351888434646444,-98.98130473446213,-56.22443872055198,40.77896631080099,0.2803,-0.7603,-0.4712,0.3484
220,634920.0,606.803414,1.0,-1.58,-6.76,-6.34,26.06,20.56,24.19,-12.38,91.81,-33.06,0.7289922151334021,-0.18681524154298448,0.4352429329794809,-100.13478976112896,-56.18546670575561,37.43472359227642,0.2953,-0.7668,-0.4709,0.3209
221,634920.0,606.803414,1.0,-1.58,-6.76,-6.34,26.06,20.56,24.19,-12.38,91.81,-33.06,0.7289922151334021,-0.18681524154298448,0.4352429329794809,-100.13478976112896,-56.18546670575561,37.43472359227642,0.2953,-0.7668,-0.4709,0.3209
222,634955.0,606.815061,1.0,-2.03,-7.75,-5.81,26.06,20.56,24.19,5.88,50.88,-56.06,-0.6336539054431656,0.13587436313209755,-0.06854725805819227,-99.99207732629806,-57.37080402823785,35.059384322363556,0.3036,-0.7659999999999999,-0.48,0.3012
223,634955.0,606.815061,1.0,-2.03,-7.75,-5.81,26.06,20.56,24.19,5.88,50.88,-56.06,-0.6336539054431656,0.13587436313209755,-0.06854725805819227,-99.99207732629806,-57.37080402823785,35.059384322363556,0.3036,-0.7659999999999999,-0.48,0.3012
224,634988.0,606.859931,1.0,-0.81,-8.77,-5.29,24.19,21.0,24.69,-28.0,27.5,-21.69,-1.3814797530028635,-1.2000235593017925,-0.3029769540059597,-100.17050104885807,-58.03804868729153,33.18943360011411,0.308,-0.767,-0.4851,0.2856
225,634988.0,606.859931,1.0,-0.81,-8.77,-5.29,24.19,21.0,24.69,-28.0,27.5,-21.69,-1.3814797530028635,-1.2000235593017925,-0.3029769540059597,-100.17050104885807,-58.03804868729153,33.18943360011411,0.308,-0.767,-0.4851,0.2856
226,635025.0,606.942809,1.0,2.2,-7.07,-8.76,22.37,22.5,26.37,-15.31,17.69,19.87,3.1051190478738184,-2.6780154858889516,-0.9054445083522378,-101.13979730318009,-57.71070049009757,32.222106806155665,0.3057,-0.7724,-0.4826,0.2775
227,635025.0,606.942809,1.0,2.2,-7.07,-8.76,22.37,22.5,26.37,-15.31,17.69,19.87,3.1051190478738184,-2.6780154858889516,-0.9054445083522378,-101.13979730318009,-57.71070049009757,32.222106806155665,0.3057,-0.7724,-0.4826,0.2775
228,635062.0,606.982685,1.0,1.03,-7.17,-7.56,21.19,20.56,26.75,-10.44,-25.31,25.62,1.7752628690514762,-2.109673264293057,-0.2939005030020123,-101.68262407663977,-57.18801133423565,33.02206936424729,0.2982,-0.7754,-0.4786,0.2842
229,635062.0,606.982685,1.0,1.03,-7.17,-7.56,21.19,20.56,26.75,-10.44,-25.31,25.62,1.7752628690514762,-2.109673264293057,-0.2939005030020123,-101.68262407663977,-57.18801133423565,33.02206936424729,0.2982,-0.7754,-0.4786,0.2842
230,635095.0,606.9886849999999,1.0,-2.36,-5.41,-6.31,21.19,20.56,26.75,-9.69,-87.62,37.5,0.7010784154502235,1.09123355951823,1.2643143490219249,-101.68262407663977,-57.01841747060314,34.747070547477996,0.2861,-0.7754,-0.4773,0.2986
231,635095.0,606.9886849999999,1.0,-2.36,-5.41,-6.31,21.19,20.56,26.75,-9.69,-87.62,37.5,0.7010784154502235,1.09123355951823,1.2643143490219249,-101.68262407663977,-57.01841747060314,34.747070547477996,0.2861,-0.7754,-0.4773,0.2986
232,635131.0,607.005,1.0,-4.56,-5.59,-4.11,21.56,20.56,27.56,48.0,-112.25,20.31,-1.3597642428078929,2.3388381052224334,1.95714826284874,-99.95643230547014,-57.03145830719132,39.10859227464813,0.2714,-0.7658,-0.4774,0.3347
233,635131.0,607.005,1.0,-4.56,-5.59,-4.11,21.56,20.56,27.56,48.0,-112.25,20.31,-1.3597642428078929,2.3388381052224334,1.95714826284874,-99.95643230547014,-57.03145830719132,39.10859227464813,0.2714,-0.7658,-0.4774,0.3347
234,635168.0,607.037699,1.0,-4.78,-6.89,-3.15,24.19,19.75,25.87,51.19,-99.5,-4.88,-2.4516480912561294,1.8334621357678655,1.3881680564815753,-97.80638154107426,-57.22716779893635,42.32324429701836,0.2689,-0.7536,-0.4789,0.361
235,635168.0,607.037699,1.0,-4.78,-6.89,-3.15,24.19,19.75,25.87,51.19,-99.5,-4.88,-2.4516480912561294,1.8334621357678655,1.3881680564815753,-97.80638154107426,-57.22716779893635,42.32324429701836,0.2689,-0.7536,-0.4789,0.361
236,635201.0,607.0495099999999,1.0,-5.3,-7.9,-2.64,24.19,19.75,25.87,10.5,-21.25,-22.94,-3.158792664172084,1.9335389118737245,0.6549804156540482,-95.58215802399698,-57.89395177277983,44.593044465749166,0.2705,-0.7407,-0.484,0.3794
237,635201.0,607.0495099999999,1.0,-5.3,-7.9,-2.64,24.19,19.75,25.87,10.5,-21.25,-22.94,-3.158792664172084,1.9335389118737245,0.6549804156540482,-95.58215802399698,-57.89395177277983,44.593044465749166,0.2705,-0.7407,-0.484,0.3794
238,635236.0,607.099473,1.0,-2.74,-8.32,-4.34,27.19,20.87,21.75,0.63,77.12,-6.19,-1.481463420126332,-0.3058315617106162,0.14863088681280168,-96.43851781128038,-57.61913540426363,42.69210790112656,0.2816,-0.7457,-0.4819,0.364
239,635236.0,607.099473,1.0,-2.74,-8.32,-4.34,27.19,20.87,21.75,0.63,77.12,-6.19,-1.481463420126332,-0.3058315617106162,0.14863088681280168,-96.43851781128038,-57.61913540426363,42.69210790112656,0.2816,-0.7457,-0.4819,0.364
240,635273.0,607.15275,1.0,0.62,-7.94,-8.14,27.56,22.0,21.75,-6.69,154.88,10.44,2.560123187489417,-2.4614862365530428,-1.0134449520851732,-98.92839577736687,-56.04262977353804,39.20589109359036,0.2984,-0.76,-0.4698,0.3355
241,635273.0,607.15275,1.0,0.62,-7.94,-8.14,27.56,22.0,21.75,-6.69,154.88,10.44,2.560123187489417,-2.4614862365530428,-1.0134449520851732,-98.92839577736687,-56.04262977353804,39.20589109359036,0.2984,-0.76,-0.4698,0.3355
242,635310.0,607.171678,1.0,2.91,-8.06,-10.5,27.56,22.0,21.75,-5.63,72.56,9.94,5.050134745037717,-3.7766101739146585,-2.1898100883446907,-100.86955398800987,-54.683894003775556,36.72162758785172,0.3093,-0.7709,-0.4593,0.315
243,635310.0,607.171678,1.0,2.91,-8.06,-10.5,27.56,22.0,21.75,-5.63,72.56,9.94,5.050134745037717,-3.7766101739146585,-2.1898100883446907,-100.86955398800987,-54.683894003775556,36.72162758785172,0.3093,-0.7709,-0.4593,0.315
244,635342.0,607.22288,1.0,-1.04,-7.75,-3.73,24.19,21.25,25.87,-30.37,-20.44,-2.81,-1.6092085808073449,-1.4198504472165148,1.4131124590703656,-101.55568290678623,-54.64519627292022,36.21489761998581,0.3042,-0.7747,-0.45899999999999996,0.3108
245,635342.0,607.22288,1.0,-1.04,-7.75,-3.73,24.19,21.25,25.87,-30.37,-20.44,-2.81,-1.6092085808073449,-1.4198504472165148,1.4131124590703656,-101.55568290678623,-54.64519627292022,36.21489761998581,0.3042,-0.7747,-0.45899999999999996,0.3108
246,635377.0,607.26115,1.0,0.44,-7.53,-3.36,23.06,21.25,26.56,-37.31,12.75,3.56,-1.392382952200729,-2.798444533449139,2.163739696481489,-102.41134549904314,-54.993719820860264,35.34791273696944,0.2952,-0.7794,-0.4617,0.3036
247,635377.0,607.26115,1.0,0.44,-7.53,-3.36,23.06,21.25,26.56,-37.31,12.75,3.56,-1.392382952200729,-2.798444533449139,2.163739696481489,-102.41134549904314,-54.993719820860264,35.34791273696944,0.2952,-0.7794,-0.4617,0.3036
248,635414.0,607.279767,1.0,1.22,-6.61,-3.28,23.5,20.87,26.69,-10.19,10.0,35.69,-0.7108585099569317,-3.2343414235292105,3.1004874807297678,-103.55241005030376,-54.490472774077006,34.843138613311,0.2889,-0.7856,-0.4578,0.2994
249,635414.0,607.279767,1.0,1.22,-6.61,-3.28,23.5,20.87,26.69,-10.19,10.0,35.69,-0.7108585099569317,-3.2343414235292105,3.1004874807297678,-103.55241005030376,-54.490472774077006,34.843138613311,0.2889,-0.7856,-0.4578,0.2994
250,635449.0,607.322075,1.0,-2.15,-11.72,-2.73,23.5,20.87,26.69,56.19,4.0,83.44,-4.786317866214738,-2.896809577642137,-1.0622715451411917,-104.93351333870716,-51.35433895468569,36.35960237870008,0.2935,-0.7929999999999999,-0.4333,0.312
251,635449.0,607.322075,1.0,-2.15,-11.72,-2.73,23.5,20.87,26.69,56.19,4.0,83.44,-4.786317866214738,-2.896809577642137,-1.0622715451411917,-104.93351333870716,-51.35433895468569,36.35960237870008,0.2935,-0.7929999999999999,-0.4333,0.312
252,635484.0,607.34146,1.0,0.53,-13.37,-1.36,23.75,19.06,27.56,-36.38,1.19,168.25,-5.1602059638508,-7.0311325750002425,-0.4316530392447877,-107.80196748253584,-48.133417932241116,37.43472359227642,0.2788,-0.8079999999999999,-0.4078,0.3209
253,635484.0,607.34146,1.0,0.53,-13.37,-1.36,23.75,19.06,27.56,-36.38,1.19,168.25,-5.1602059638508,-7.0311325750002425,-0.4316530392447877,-107.80196748253584,-48.133417932241116,37.43472359227642,0.2788,-0.8079999999999999,-0.4078,0.3209
254,635521.0,607.3904610000001,1.0,0.22,-8.44,-0.61,24.87,17.87,26.37,-149.94,10.31,141.06,-3.7054835197102447,-5.188207218128642,4.238347049646666,-114.28023924222178,-45.02686284001362,36.22695406441953,0.2261,-0.84,-0.3829,0.3109
255,635521.0,607.3904610000001,1.0,0.22,-8.44,-0.61,24.87,17.87,26.37,-149.94,10.31,141.06,-3.7054835197102447,-5.188207218128642,4.238347049646666,-114.28023924222178,-45.02686284001362,36.22695406441953,0.2261,-0.84,-0.3829,0.3109
256,635555.0,607.39892,1.0,-2.11,-10.31,0.96,24.87,17.87,26.37,-104.12,7.88,160.0,-7.0297883298911055,-5.4272060711139485,4.079756400622522,-118.81305169988,-42.37239946677662,35.4802322080149,0.1888,-0.8608,-0.3614,0.3047
257,635555.0,607.39892,1.0,-2.11,-10.31,0.96,24.87,17.87,26.37,-104.12,7.88,160.0,-7.0297883298911055,-5.4272060711139485,4.079756400622522,-118.81305169988,-42.37239946677662,35.4802322080149,0.1888,-0.8608,-0.3614,0.3047
258,635590.0,607.4575990000001,1.0,-5.15,-8.29,1.92,26.75,12.25,27.56,-179.69,30.44,246.94,-8.45718221399761,-3.331761189344427,5.768279489952578,-127.7407542896587,-35.92566698091841,33.751834870470574,0.1204,-0.8978,-0.3084,0.2903
259,635590.0,607.4575990000001,1.0,-5.15,-8.29,1.92,26.75,12.25,27.56,-179.69,30.44,246.94,-8.45718221399761,-3.331761189344427,5.768279489952578,-127.7407542896587,-35.92566698091841,33.751834870470574,0.1204,-0.8978,-0.3084,0.2903
260,635625.0,607.540589,1.0,-3.57,-4.56,5.39,26.37,5.56,29.56,-170.56,131.44,329.56,-7.385977811949793,-2.1129667393647007,11.69696831174642,-137.21387841569043,-28.682903338517608,30.258813745298948,0.0598,-0.9311,-0.2477,0.261
261,635625.0,607.540589,1.0,-3.57,-4.56,5.39,26.37,5.56,29.56,-170.56,131.44,329.56,-7.385977811949793,-2.1129667393647007,11.69696831174642,-137.21387841569043,-28.682903338517608,30.258813745298948,0.0598,-0.9311,-0.2477,0.261
262,635664.0,607.546908,1.0,2.32,-5.89,3.89,24.56,-5.38,30.0,-191.0,202.44,317.5,-1.1749107142741066,-6.0247035745461615,13.993430583256615,-151.43912137388486,-17.659623057349798,22.244146955349766,-0.0056,-0.9691,-0.1535,0.1929
263,635664.0,607.546908,1.0,2.32,-5.89,3.89,24.56,-5.38,30.0,-191.0,202.44,317.5,-1.1749107142741066,-6.0247035745461615,13.993430583256615,-151.43912137388486,-17.659623057349798,22.244146955349766,-0.0056,-0.9691,-0.1535,0.1929
264,635697.0,607.5977730000001,1.0,5.84,-0.28,4.55,24.56,-5.38,30.0,-294.75,178.69,294.75,4.597613863140172,0.06762886526801158,15.615597675960238,-159.9290177639615,-8.384121213370948,13.391838421127119,-0.1067,-0.9847,-0.0731,0.1166
265,635697.0,607.5977730000001,1.0,5.84,-0.28,4.55,24.56,-5.38,30.0,-294.75,178.69,294.75,4.597613863140172,0.06762886526801158,15.615597675960238,-159.9290177639615,-8.384121213370948,13.391838421127119,-0.1067,-0.9847,-0.0731,0.1166
266,635736.0,607.6062440000001,1.0,5.46,4.89,5.81,15.19,-14.5,31.06,-343.56,200.5,246.5,5.142848368273861,6.6075444834608605,13.974535142374823,-156.6436585308699,-2.6129139620146145,6.581172764918962,-0.1928,-0.9793,-0.0228,0.0574
267,635736.0,607.6062440000001,1.0,5.46,4.89,5.81,15.19,-14.5,31.06,-343.56,200.5,246.5,5.142848368273861,6.6075444834608605,13.974535142374823,-156.6436585308699,-2.6129139620146145,6.581172764918962,-0.1928,-0.9793,-0.0228,0.0574
268,635772.0,607.621896,1.0,5.88,8.95,5.79,5.69,-24.0,28.37,-344.94,332.75,238.75,5.5375423399457375,10.765327116708775,8.524325195762431,-143.3178010626215,3.346549205454908,-6.374577915681861,-0.3083,-0.9492,0.0292,-0.0556
269,635772.0,607.621896,1.0,5.88,8.95,5.79,5.69,-24.0,28.37,-344.94,332.75,238.75,5.5375423399457375,10.765327116708775,8.524325195762431,-143.3178010626215,3.346549205454908,-6.374577915681861,-0.3083,-0.9492,0.0292,-0.0556
270,635807.0,607.65747,1.0,14.16,14.43,7.48,5.69,-24.0,28.37,-358.5,350.44,200.81,11.866085470804483,15.214706532659626,0.19469802734599814,-130.0792914251156,6.78778903124712,-17.520477052231193,-0.389,-0.9066,0.0592,-0.1523
271,635807.0,607.65747,1.0,14.16,14.43,7.48,5.69,-24.0,28.37,-358.5,350.44,200.81,11.866085470804483,15.214706532659626,0.19469802734599814,-130.0792914251156,6.78778903124712,-17.520477052231193,-0.389,-0.9066,0.0592,-0.1523
272,635840.0,607.710173,1.0,10.28,11.81,10.74,-8.38,-31.69,21.69,-284.81,676.63,185.56,8.293145932569677,12.934054487498285,-1.3484414409308467,-108.99693778149953,6.89110540785609,-36.612980343917975,-0.4846,-0.8141,0.0601,-0.3141
273,635840.0,607.710173,1.0,10.28,11.81,10.74,-8.38,-31.69,21.69,-284.81,676.63,185.56,8.293145932569677,12.934054487498285,-1.3484414409308467,-108.99693778149953,6.89110540785609,-36.612980343917975,-0.4846,-0.8141,0.0601,-0.3141
274,635877.0,607.764399,1.0,14.98,10.13,11.7,-20.0,-34.69,8.88,-371.63,644.44,144.5,10.072447298132564,6.672131856587333,-8.024103262682273,-89.14319448171844,3.942727502383202,-55.744276234982536,-0.5364,-0.7018,0.0344,-0.4675
275,635877.0,607.764399,1.0,14.98,10.13,11.7,-20.0,-34.69,8.88,-371.63,644.44,144.5,10.072447298132564,6.672131856587333,-8.024103262682273,-89.14319448171844,3.942727502383202,-55.744276234982536,-0.5364,-0.7018,0.0344,-0.4675
276,635914.0,607.7804150000001,1.0,15.15,14.43,21.85,-26.25,-32.38,-12.38,-422.69,334.19,40.13,6.648362891410367,8.858213911638101,-18.344748138632102,-65.00005321390788,4.89454770282183,-69.0964930055083,-0.6228,-0.5373,0.0427,-0.5671
277,635914.0,607.7804150000001,1.0,15.15,14.43,21.85,-26.25,-32.38,-12.38,-422.69,334.19,40.13,6.648362891410367,8.858213911638101,-18.344748138632102,-65.00005321390788,4.89454770282183,-69.0964930055083,-0.6228,-0.5373,0.0427,-0.5671
278,635949.0,607.839461,1.0,13.98,11.08,19.24,-26.25,-32.38,-12.38,-251.38,362.81,130.69,1.7520612265103548,1.6639284989197636,-16.318931781254975,-47.78225428161778,4.89454770282183,-79.61346922485379,-0.6514,-0.405,0.0427,-0.6402
279,635949.0,607.839461,1.0,13.98,11.08,19.24,-26.25,-32.38,-12.38,-251.38,362.81,130.69,1.7520612265103548,1.6639284989197636,-16.318931781254975,-47.78225428161778,4.89454770282183,-79.61346922485379,-0.6514,-0.405,0.0427,-0.6402
280,635985.0,607.8432809999999,1.0,12.26,8.84,14.32,-20.69,-25.06,-29.25,-198.19,192.31,107.0,-1.9067357388250012,-2.300226767497336,-10.798905455759408,-37.9069169867096,5.250129975900072,-86.37687760452374,-0.6511,-0.3248,0.0458,-0.6844
281,635985.0,607.8432809999999,1.0,12.26,8.84,14.32,-20.69,-25.06,-29.25,-198.19,192.31,107.0,-1.9067357388250012,-2.300226767497336,-10.798905455759408,-37.9069169867096,5.250129975900072,-86.37687760452374,-0.6511,-0.3248,0.0458,-0.6844
282,636024.0,607.882996,1.0,8.33,9.49,13.94,-11.5,-16.87,-38.5,-176.06,92.0,-30.94,-5.148845269661064,-0.499563224164266,-8.276834978680176,-29.74868303296809,7.396290017779932,-88.07037290502619,-0.6684,-0.2567,0.0645,-0.6951
283,636024.0,607.882996,1.0,8.33,9.49,13.94,-11.5,-16.87,-38.5,-176.06,92.0,-30.94,-5.148845269661064,-0.499563224164266,-8.276834978680176,-29.74868303296809,7.396290017779932,-88.07037290502619,-0.6684,-0.2567,0.0645,-0.6951
284,636059.0,607.9363519999999,1.0,7.08,10.84,13.46,-11.5,-16.87,-38.5,-111.62,-2.19,-67.44,-7.527968079063165,-0.2688452963487125,-7.283142825170151,-26.35870385587789,9.188627520029687,-86.36116191059776,-0.6879,-0.228,0.0801,-0.6843
285,636059.0,607.9363519999999,1.0,7.08,10.84,13.46,-11.5,-16.87,-38.5,-111.62,-2.19,-67.44,-7.527968079063165,-0.2688452963487125,-7.283142825170151,-26.35870385587789,9.188627520029687,-86.36116191059776,-0.6879,-0.228,0.0801,-0.6843
286,636094.0,607.995179,1.0,5.34,8.64,12.88,-7.06,-10.38,-41.06,-9.25,47.5,-60.38,-5.662402583705555,0.4842082230118834,-5.58043352407344,-25.45330808515709,9.418568108565768,-83.8257817667832,-0.7061,-0.2203,0.0821,-0.6679999999999999
287,636094.0,607.995179,1.0,5.34,8.64,12.88,-7.06,-10.38,-41.06,-9.25,47.5,-60.38,-5.662402583705555,0.4842082230118834,-5.58043352407344,-25.45330808515709,9.418568108565768,-83.8257817667832,-0.7061,-0.2203,0.0821,-0.6679999999999999
288,636129.0,608.012154,1.0,6.67,6.92,9.93,-6.69,-6.56,-42.19,10.38,74.37,-48.88,-4.0906462880262175,-2.7047341734066768,-3.113536763257853,-23.91663071897709,6.868145731332586,-82.78291189155357,-0.7186,-0.2072,0.0599,-0.6612
289,636129.0,608.012154,1.0,6.67,6.92,9.93,-6.69,-6.56,-42.19,10.38,74.37,-48.88,-4.0906462880262175,-2.7047341734066768,-3.113536763257853,-23.91663071897709,6.868145731332586,-82.78291189155357,-0.7186,-0.2072,0.0599,-0.6612
290,636166.0,608.015093,1.0,5.94,5.82,8.46,-3.25,-7.25,-42.5,24.94,-12.56,5.94,-3.247897952552247,-2.5939764596445096,-1.3041575771573513,-24.174386077512,6.17947961245989,-82.63025542276526,-0.7194,-0.2094,0.0539,-0.6602
291,636166.0,608.015093,1.0,5.94,5.82,8.46,-3.25,-7.25,-42.5,24.94,-12.56,5.94,-3.247897952552247,-2.5939764596445096,-1.3041575771573513,-24.174386077512,6.17947961245989,-82.63025542276526,-0.7194,-0.2094,0.0539,-0.6602
292,636198.0,608.0571669999999,1.0,5.65,5.0,8.32,-3.25,-7.25,-42.5,44.75,-83.69,30.0,-2.3582838822988808,-1.7477642569606784,-1.0344162405770785,-27.077153605664893,7.247016388579905,-82.92045611576899,-0.7091,-0.2341,0.0632,-0.6621
293,636198.0,608.0571669999999,1.0,5.65,5.0,8.32,-3.25,-7.25,-42.5,44.75,-83.69,30.0,-2.3582838822988808,-1.7477642569606784,-1.0344162405770785,-27.077153605664893,7.247016388579905,-82.92045611576899,-0.7091,-0.2341,0.0632,-0.6621
294,636235.0,608.13797,1.0,4.36,4.64,8.99,-1.75,-8.69,-42.75,28.31,-27.44,16.81,-1.8805698234217487,0.07926507467656753,-1.047679743801412,-28.943189564308163,7.878645873813733,-82.99693262361099,-0.7027,-0.2499,0.0687,-0.6626
295,636235.0,608.13797,1.0,4.36,4.64,8.99,-1.75,-8.69,-42.75,28.31,-27.44,16.81,-1.8805698234217487,0.07926507467656753,-1.047679743801412,-28.943189564308163,7.878645873813733,-82.99693262361099,-0.7027,-0.2499,0.0687,-0.6626
296,636272.0,608.1786950000001,1.0,4.94,5.1,8.52,-6.25,-9.75,-41.19,16.69,10.25,15.13,-2.3073071737850843,-0.6000032883482418,-1.0248009489620653,-29.310216034057568,7.430739554030821,-83.6872680998447,-0.6977,-0.253,0.0648,-0.6671
297,636272.0,608.1786950000001,1.0,4.94,5.1,8.52,-6.25,-9.75,-41.19,16.69,10.25,15.13,-2.3073071737850843,-0.6000032883482418,-1.0248009489620653,-29.310216034057568,7.430739554030821,-83.6872680998447,-0.6977,-0.253,0.0648,-0.6671
298,636305.0,608.185627,1.0,4.4,4.25,7.75,-6.25,-9.75,-41.19,34.44,-21.81,31.69,-1.6661772349087838,-0.33905049770305884,0.08071055016385564,-30.10452391311007,7.281463046960031,-84.38134798435583,-0.691,-0.2597,0.0635,-0.6716
299,636305.0,608.185627,1.0,4.4,4.25,7.75,-6.25,-9.75,-41.19,34.44,-21.81,31.69,-1.6661772349087838,-0.33905049770305884,0.08071055016385564,-30.10452391311007,7.281463046960031,-84.38134798435583,-0.691,-0.2597,0.0635,-0.6716
300,636340.0,608.258427,1.0,4.39,4.21,8.28,-4.75,-11.0,-40.69,27.5,-57.56,39.0,-1.4040895525462924,0.36639400532170585,-0.3643326448231949,-32.24596273355917,8.269226458088282,-85.12592565946625,-0.6783,-0.2777,0.0721,-0.6764
301,636340.0,608.258427,1.0,4.39,4.21,8.28,-4.75,-11.0,-40.69,27.5,-57.56,39.0,-1.4040895525462924,0.36639400532170585,-0.3643326448231949,-32.24596273355917,8.269226458088282,-85.12592565946625,-0.6783,-0.2777,0.0721,-0.6764
302,636377.0,608.380799,1.0,4.64,3.37,7.79,-7.0,-11.25,-40.69,39.06,-89.37,27.31,-0.5998000380576847,0.3216714836434005,0.1574341058997586,-34.699045966979874,9.464560757916416,-85.15704595460248,-0.6682,-0.2982,0.0825,-0.6766
303,636377.0,608.380799,1.0,4.64,3.37,7.79,-7.0,-11.25,-40.69,39.06,-89.37,27.31,-0.5998000380576847,0.3216714836434005,0.1574341058997586,-34.699045966979874,9.464560757916416,-85.15704595460248,-0.6682,-0.2982,0.0825,-0.6766
304,636411.0,608.455435,1.0,4.37,2.84,7.41,-10.0,-12.5,-39.88,42.25,-84.87,15.06,-0.0068332014794611476,0.8471418275386571,0.7870655288953579,-38.07658496090942,10.741493332748478,-84.5361052012418,-0.6576,-0.3262,0.0936,-0.6726
305,636411.0,608.455435,1.0,4.37,2.84,7.41,-10.0,-12.5,-39.88,42.25,-84.87,15.06,-0.0068332014794611476,0.8471418275386571,0.7870655288953579,-38.07658496090942,10.741493332748478,-84.5361052012418,-0.6576,-0.3262,0.0936,-0.6726
306,636446.0,608.473585,1.0,4.46,1.36,7.13,-10.0,-12.5,-39.88,54.63,-59.5,11.56,1.4983385761662344,0.7356708176220269,1.4524971429311595,-40.44906443675953,11.167427069301608,-84.10326116842597,-0.6499,-0.3457,0.0973,-0.6698
307,636446.0,608.473585,1.0,4.46,1.36,7.13,-10.0,-12.5,-39.88,54.63,-59.5,11.56,1.4983385761662344,0.7356708176220269,1.4524971429311595,-40.44906443675953,11.167427069301608,-84.10326116842597,-0.6499,-0.3457,0.0973,-0.6698
308,636483.0,608.476677,1.0,4.83,0.57,6.62,-13.0,-14.69,-38.19,31.25,-26.62,15.31,2.280567417032049,0.22516763393649608,1.918271726045384,-42.65520072513622,11.063807546045703,-84.22677998503734,-0.6393,-0.3637,0.0964,-0.6706
309,636483.0,608.476677,1.0,4.83,0.57,6.62,-13.0,-14.69,-38.19,31.25,-26.62,15.31,2.280567417032049,0.22516763393649608,1.918271726045384,-42.65520072513622,11.063807546045703,-84.22677998503734,-0.6393,-0.3637,0.0964,-0.6706
310,636518.0,608.5138410000001,1.0,5.35,2.91,7.14,-14.0,-15.75,-37.88,-21.56,-19.37,8.63,0.3093702234841932,0.617612598866297,0.44753440382624105,-42.96290285030923,11.662626087112969,-84.1804463370788,-0.6374,-0.3662,0.1016,-0.6703
311,636518.0,608.5138410000001,1.0,5.35,2.91,7.14,-14.0,-15.75,-37.88,-21.56,-19.37,8.63,0.3093702234841932,0.617612598866297,0.44753440382624105,-42.96290285030923,11.662626087112969,-84.1804463370788,-0.6374,-0.3662,0.1016,-0.6703
312,636553.0,608.521128,1.0,5.35,3.48,7.36,-14.0,-15.75,-37.88,-14.44,-15.31,10.0,-0.2844146300221506,0.9521612250628432,0.11567495515976488,-42.76593619701882,12.803582439206053,-84.02612286771037,-0.6377,-0.3646,0.1115,-0.6693
313,636553.0,608.521128,1.0,5.35,3.48,7.36,-14.0,-15.75,-37.88,-14.44,-15.31,10.0,-0.2844146300221506,0.9521612250628432,0.11567495515976488,-42.76593619701882,12.803582439206053,-84.02612286771037,-0.6377,-0.3646,0.1115,-0.6693
314,636588.0,608.53793,1.0,5.8,2.87,7.29,-15.5,-15.75,-37.0,7.63,-6.81,14.63,0.2713599655624208,0.5306823680351647,0.07701794152283803,-42.95058853731749,13.103434321670449,-84.22677998503734,-0.635,-0.3661,0.1141,-0.6706
315,636588.0,608.53793,1.0,5.8,2.87,7.29,-15.5,-15.75,-37.0,7.63,-6.81,14.63,0.2713599655624208,0.5306823680351647,0.07701794152283803,-42.95058853731749,13.103434321670449,-84.22677998503734,-0.635,-0.3661,0.1141,-0.6706
316,636624.0,608.54083,1.0,5.69,2.62,7.02,-15.88,-15.5,-37.38,4.19,-2.5,3.69,0.4083089483897456,0.4444519579611477,0.4174729189279116,-43.17232602381402,13.138038375794716,-84.47417954583062,-0.6323,-0.3679,0.1144,-0.6722
317,636624.0,608.54083,1.0,5.69,2.62,7.02,-15.88,-15.5,-37.38,4.19,-2.5,3.69,0.4083089483897456,0.4444519579611477,0.4174729189279116,-43.17232602381402,13.138038375794716,-84.47417954583062,-0.6323,-0.3679,0.1144,-0.6722
318,636659.0,608.5437469999999,1.0,5.68,2.56,7.62,-15.88,-15.5,-37.38,2.38,9.19,3.81,0.6657462859073899,0.8031067389802921,0.019300948872571052,-43.11071528826148,13.091899903813275,-84.61355507220527,-0.6316,-0.3674,0.114,-0.6731
319,636659.0,608.5437469999999,1.0,5.68,2.56,7.62,-15.88,-15.5,-37.38,2.38,9.19,3.81,0.6657462859073899,0.8031067389802921,0.019300948872571052,-43.11071528826148,13.091899903813275,-84.61355507220527,-0.6316,-0.3674,0.114,-0.6731
320,636692.0,608.587267,1.0,7.11,1.71,6.58,-15.5,-15.5,-37.5,8.94,42.13,-3.0,1.1875575985438491,-1.2915014238830027,0.12706679501390106,-42.43385492531204,12.06585603312212,-85.2660282112418,-0.6318,-0.3619,0.1051,-0.6773
321,636692.0,608.587267,1.0,7.11,1.71,6.58,-15.5,-15.5,-37.5,8.94,42.13,-3.0,1.1875575985438491,-1.2915014238830027,0.12706679501390106,-42.43385492531204,12.06585603312212,-85.2660282112418,-0.6318,-0.3619,0.1051,-0.6773
322,636727.0,608.599877,1.0,7.68,2.73,5.89,-14.75,-15.5,-37.0,-16.12,23.12,3.25,-0.04190237260000185,-2.121875080892534,-0.023064661792465916,-41.586888761097505,11.605033754368794,-85.71854745258325,-0.6332,-0.355,0.1011,-0.6802
323,636727.0,608.599877,1.0,7.68,2.73,5.89,-14.75,-15.5,-37.0,-16.12,23.12,3.25,-0.04190237260000185,-2.121875080892534,-0.023064661792465916,-41.586888761097505,11.605033754368794,-85.71854745258325,-0.6332,-0.355,0.1011,-0.6802
324,636764.0,608.6472259999999,1.0,5.85,3.29,6.93,-12.5,-15.5,-36.56,-4.63,-27.44,26.75,-0.4113141933720252,0.13477768547482105,0.16900736241331948,-41.501098206620334,12.400074265032766,-86.10998511892349,-0.6298,-0.3543,0.10800000000000001,-0.6827
325,636764.0,608.6472259999999,1.0,5.85,3.29,6.93,-12.5,-15.5,-36.56,-4.63,-27.44,26.75,-0.4113141933720252,0.13477768547482105,0.16900736241331948,-41.501098206620334,12.400074265032766,-86.10998511892349,-0.6298,-0.3543,0.10800000000000001,-0.6827
326,636798.0,608.668231,1.0,4.65,3.18,7.28,-12.5,-15.5,-36.56,7.31,-36.0,45.88,-0.30529075451986776,1.55502301379924,0.7390151936263205,-42.421562810614134,13.668786527863627,-86.89663713906471,-0.6181,-0.3618,0.11900000000000001,-0.6877
327,636798.0,608.668231,1.0,4.65,3.18,7.28,-12.5,-15.5,-36.56,7.31,-36.0,45.88,-0.30529075451986776,1.55502301379924,0.7390151936263205,-42.421562810614134,13.668786527863627,-86.89663713906471,-0.6181,-0.3618,0.11900000000000001,-0.6877
328,636835.0,608.711345,1.0,4.38,2.99,7.43,-14.38,-14.69,-37.38,13.69,-16.94,50.31,-0.1237868306564186,1.9951649691706712,0.8997204748297083,-42.95058853731749,14.38461134345722,-87.8633393777306,-0.6074,-0.3661,0.1252,-0.6938
329,636835.0,608.711345,1.0,4.38,2.99,7.43,-14.38,-14.69,-37.38,13.69,-16.94,50.31,-0.1237868306564186,1.9951649691706712,0.8997204748297083,-42.95058853731749,14.38461134345722,-87.8633393777306,-0.6074,-0.3661,0.1252,-0.6938
330,636872.0,608.730655,1.0,4.98,2.86,7.32,-16.25,-14.25,-38.25,11.81,7.88,43.69,-0.11899766266685807,1.5278575332809414,0.6298373226987763,-42.91364872106161,14.627194705880914,-89.44922896161478,-0.5957,-0.3658,0.1273,-0.7037
331,636872.0,608.730655,1.0,4.98,2.86,7.32,-16.25,-14.25,-38.25,11.81,7.88,43.69,-0.11899766266685807,1.5278575332809414,0.6298373226987763,-42.91364872106161,14.627194705880914,-89.44922896161478,-0.5957,-0.3658,0.1273,-0.7037
332,636905.0,608.77934,1.0,6.57,2.95,6.52,-16.25,-14.25,-38.25,1.63,34.44,23.94,-0.6468300015716966,-0.20101254946477654,0.11546818847544138,-42.20039204818604,14.349961892702815,-90.6326728543478,-0.591,-0.36,0.1249,-0.711
333,636905.0,608.77934,1.0,6.57,2.95,6.52,-16.25,-14.25,-38.25,1.63,34.44,23.94,-0.6468300015716966,-0.20101254946477654,0.11546818847544138,-42.20039204818604,14.349961892702815,-90.6326728543478,-0.591,-0.36,0.1249,-0.711
334,636940.0,608.849969,1.0,6.95,2.79,6.14,-15.5,-14.69,-37.38,-3.81,30.69,7.06,-0.7628556264177317,-0.9185281297810748,0.19620998051891012,-41.158178579890034,13.865006554805131,-91.46684165640444,-0.5908,-0.3515,0.1207,-0.7161
335,636940.0,608.849969,1.0,6.95,2.79,6.14,-15.5,-14.69,-37.38,-3.81,30.69,7.06,-0.7628556264177317,-0.9185281297810748,0.19620998051891012,-41.158178579890034,13.865006554805131,-91.46684165640444,-0.5908,-0.3515,0.1207,-0.7161
336,636977.0,608.8989889999999,1.0,6.61,3.03,6.68,-14.75,-14.19,-39.0,-17.0,18.81,-4.94,-0.8425284389692765,-0.37412610434495003,-0.02419815708063311,-40.461276767806375,13.818833482803015,-91.53252970720744,-0.5938,-0.3458,0.1203,-0.7165
337,636977.0,608.8989889999999,1.0,6.61,3.03,6.68,-14.75,-14.19,-39.0,-17.0,18.81,-4.94,-0.8425284389692765,-0.37412610434495003,-0.02419815708063311,-40.461276767806375,13.818833482803015,-91.53252970720744,-0.5938,-0.3458,0.1203,-0.7165
338,637011.0,608.917818,1.0,7.02,3.26,6.84,-14.75,-14.19,-39.0,-16.0,19.94,3.88,-1.1547724044093497,-0.6492383465344946,-0.4373038393827109,-39.48578948035391,13.830376539145913,-91.92747384583168,-0.5954,-0.3378,0.1204,-0.7189
339,637011.0,608.917818,1.0,7.02,3.26,6.84,-14.75,-14.19,-39.0,-16.0,19.94,3.88,-1.1547724044093497,-0.6492383465344946,-0.4373038393827109,-39.48578948035391,13.830376539145913,-91.92747384583168,-0.5954,-0.3378,0.1204,-0.7189
340,637046.0,608.964521,1.0,7.54,3.52,6.61,-14.38,-14.56,-38.69,-3.5,8.19,25.87,-1.6267649593505769,-1.1230427556415168,-0.6349260657110669,-39.023479875283186,13.968904250085991,-92.605449400739,-0.5924,-0.33399999999999996,0.1216,-0.723
341,637046.0,608.964521,1.0,7.54,3.52,6.61,-14.38,-14.56,-38.69,-3.5,8.19,25.87,-1.6267649593505769,-1.1230427556415168,-0.6349260657110669,-39.023479875283186,13.968904250085991,-92.605449400739,-0.5924,-0.33399999999999996,0.1216,-0.723
342,637083.0,608.982433,1.0,7.53,3.71,6.82,-14.38,-14.19,-39.06,2.94,-8.69,25.44,-1.8503338338005653,-0.8304688950526941,-0.8170963315839241,-38.999166163078655,14.338412369029564,-93.55504179839458,-0.5848,-0.3338,0.1248,-0.7287
343,637083.0,608.982433,1.0,7.53,3.71,6.82,-14.38,-14.19,-39.06,2.94,-8.69,25.44,-1.8503338338005653,-0.8304688950526941,-0.8170963315839241,-38.999166163078655,14.338412369029564,-93.55504179839458,-0.5848,-0.3338,0.1248,-0.7287
344,637118.0,608.9853,1.0,6.94,3.68,7.09,-13.69,-13.88,-39.5,8.88,-11.38,13.5,-1.6864779841435424,-0.1311539991701567,-0.6390520174567911,-39.31538744994931,14.534774284595127,-93.94058643018808,-0.5801,-0.3364,0.1265,-0.731
345,637118.0,608.9853,1.0,6.94,3.68,7.09,-13.69,-13.88,-39.5,8.88,-11.38,13.5,-1.6864779841435424,-0.1311539991701567,-0.6390520174567911,-39.31538744994931,14.534774284595127,-93.94058643018808,-0.5801,-0.3364,0.1265,-0.731
346,637151.0,609.045571,1.0,6.5,3.24,6.97,-13.69,-13.88,-39.5,12.19,-10.88,3.13,-1.2092258870500854,0.08549477595990695,-0.1862956816982404,-39.9000028418168,14.511670666824136,-93.97417767912142,-0.5771,-0.3412,0.1263,-0.7312
347,637151.0,609.045571,1.0,6.5,3.24,6.97,-13.69,-13.88,-39.5,12.19,-10.88,3.13,-1.2092258870500854,0.08549477595990695,-0.1862956816982404,-39.9000028418168,14.511670666824136,-93.97417767912142,-0.5771,-0.3412,0.1263,-0.7312
348,637188.0,609.094191,1.0,6.01,2.9,6.93,-14.0,-13.5,-38.19,11.25,-10.75,-2.94,-0.7933040294902578,0.37327109549199466,0.22613136027778855,-40.36359153375482,14.39616145402999,-93.90700572648474,-0.5755,-0.345,0.1253,-0.7308
349,637188.0,609.094191,1.0,6.01,2.9,6.93,-14.0,-13.5,-38.19,11.25,-10.75,-2.94,-0.7933040294902578,0.37327109549199466,0.22613136027778855,-40.36359153375482,14.39616145402999,-93.90700572648474,-0.5755,-0.345,0.1253,-0.7308
350,637224.0,609.110912,1.0,5.85,2.51,6.92,-14.38,-14.19,-38.69,13.38,-5.19,-1.0,-0.33085507060236835,0.40266398598026654,0.4184980712841462,-40.93793375462537,14.118999098561428,-93.89021932509144,-0.5734,-0.3497,0.1229,-0.7307
351,637224.0,609.110912,1.0,5.85,2.51,6.92,-14.38,-14.19,-38.69,13.38,-5.19,-1.0,-0.33085507060236835,0.40266398598026654,0.4184980712841462,-40.93793375462537,14.118999098561428,-93.89021932509144,-0.5734,-0.3497,0.1229,-0.7307
352,637259.0,609.153654,1.0,5.99,2.1,6.7,-14.38,-14.19,-38.69,10.69,-4.81,-0.25,0.00046387538851078164,0.05590568215910041,0.5775127521570607,-41.24387223496928,13.945814879054648,-93.87343555520519,-0.5722,-0.3522,0.1214,-0.7306
353,637259.0,609.153654,1.0,5.99,2.1,6.7,-14.38,-14.19,-38.69,10.69,-4.81,-0.25,0.00046387538851078164,0.05590568215910041,0.5775127521570607,-41.24387223496928,13.945814879054648,-93.87343555520519,-0.5722,-0.3522,0.1214,-0.7306
354,637292.0,609.161205,1.0,5.85,1.97,6.75,-14.75,-14.56,-37.88,4.56,-7.13,2.25,0.1867410687007811,0.1858054081445445,0.6635376128768549,-41.586888761097505,13.899637842978935,-93.95738073569972,-0.5699,-0.355,0.121,-0.7311
355,637292.0,609.161205,1.0,5.85,1.97,6.75,-14.75,-14.56,-37.88,4.56,-7.13,2.25,0.1867410687007811,0.1858054081445445,0.6635376128768549,-41.586888761097505,13.899637842978935,-93.95738073569972,-0.5699,-0.355,0.121,-0.7311
356,637327.0,609.228202,1.0,5.95,2.45,7.17,-14.38,-15.38,-37.5,-1.44,-3.25,5.06,-0.11137872993524227,0.5398530000788437,0.1884353259129288,-41.68496498644351,13.968904250085991,-94.17594734269699,-0.5676,-0.3558,0.1216,-0.7324
357,637327.0,609.228202,1.0,5.95,2.45,7.17,-14.38,-15.38,-37.5,-1.44,-3.25,5.06,-0.11137872993524227,0.5398530000788437,0.1884353259129288,-41.68496498644351,13.968904250085991,-94.17594734269699,-0.5676,-0.3558,0.1216,-0.7324
358,637364.0,609.356143,1.0,6.17,2.56,7.07,-14.75,-14.56,-37.5,0.37,-2.88,5.0,-0.2894943043467436,0.383915939579548,0.0919085418299712,-41.73401508063692,14.095906005217,-94.34438108902891,-0.5659,-0.3562,0.1227,-0.7334
359,637364.0,609.356143,1.0,6.17,2.56,7.07,-14.75,-14.56,-37.5,0.37,-2.88,5.0,-0.2894943043467436,0.383915939579548,0.0919085418299712,-41.73401508063692,14.095906005217,-94.34438108902891,-0.5659,-0.3562,0.1227,-0.7334
360,637399.0,609.447841,1.0,6.03,2.62,7.1,-14.75,-14.56,-37.5,0.06,-3.88,1.06,-0.3046538701486102,0.527102501868622,0.14928757685736824,-41.80760523510253,14.049721543626418,-94.32752570299765,-0.5658,-0.3568,0.1223,-0.7333
361,637399.0,609.447841,1.0,6.03,2.62,7.1,-14.75,-14.56,-37.5,0.06,-3.88,1.06,-0.3046538701486102,0.527102501868622,0.14928757685736824,-41.80760523510253,14.049721543626418,-94.32752570299765,-0.5658,-0.3568,0.1223,-0.7333
362,637433.0,609.495765,1.0,6.0,2.62,7.1,-14.38,-14.56,-39.06,-1.12,1.31,-3.81,-0.2721261718727616,0.5072093210586428,0.16595054139155785,-41.78307317970489,13.79574779269871,-94.19277872550184,-0.5673,-0.3566,0.1201,-0.7325
363,637433.0,609.495765,1.0,6.0,2.62,7.1,-14.38,-14.56,-39.06,-1.12,1.31,-3.81,-0.2721261718727616,0.5072093210586428,0.16595054139155785,-41.78307317970489,13.79574779269871,-94.19277872550184,-0.5673,-0.3566,0.1201,-0.7325
364,637468.0,609.501551,1.0,6.09,2.58,6.77,-15.88,-14.56,-37.38,-2.19,2.69,-4.25,-0.3598850488434929,0.20427632958516373,0.35116725543374905,-41.721751807135746,13.634163660769715,-94.14229255211988,-0.5683,-0.3561,0.1187,-0.7322
365,637468.0,609.501551,1.0,6.09,2.58,6.77,-15.88,-14.56,-37.38,-2.19,2.69,-4.25,-0.3598850488434929,0.20427632958516373,0.35116725543374905,-41.721751807135746,13.634163660769715,-94.14229255211988,-0.5683,-0.3561,0.1187,-0.7322
366,637503.0,609.520101,1.0,5.99,2.59,6.77,-15.88,-14.56,-37.38,-2.88,1.19,-2.56,-0.3534788891299264,0.258118097978816,0.4135925785617953,-41.64818266123672,13.553381828311744,-94.04139186402159,-0.5696,-0.3555,0.11800000000000001,-0.7316
367,637503.0,609.520101,1.0,5.99,2.59,6.77,-15.88,-14.56,-37.38,-2.88,1.19,-2.56,-0.3534788891299264,0.258118097978816,0.4135925785617953,-41.64818266123672,13.553381828311744,-94.04139186402159,-0.5696,-0.3555,0.11800000000000001,-0.7316
368,637538.0,609.522991,1.0,6.2,2.68,6.57,-15.19,-15.69,-37.5,-3.13,4.69,2.38,-0.5336284915065508,-0.007782434856156817,0.3990743257489449,-41.586888761097505,13.357225465957494,-94.26013087807388,-0.5685,-0.355,0.1163,-0.7329
369,637538.0,609.522991,1.0,6.2,2.68,6.57,-15.19,-15.69,-37.5,-3.13,4.69,2.38,-0.5336284915065508,-0.007782434856156817,0.3990743257489449,-41.586888761097505,13.357225465957494,-94.26013087807388,-0.5685,-0.355,0.1163,-0.7329
370,637575.0,609.562298,1.0,6.35,2.82,6.74,-15.19,-14.19,-39.0,-3.06,3.44,4.88,-0.6153882148913175,0.009842219865337398,0.1462307298191785,-41.52560730818473,13.311076762780564,-94.31067299052191,-0.5687,-0.3545,0.1159,-0.7332
371,637575.0,609.562298,1.0,6.35,2.82,6.74,-15.19,-14.19,-39.0,-3.06,3.44,4.88,-0.6153882148913175,0.009842219865337398,0.1462307298191785,-41.52560730818473,13.311076762780564,-94.31067299052191,-0.5687,-0.3545,0.1159,-0.7332
372,637607.0,609.569784,1.0,6.51,2.96,6.78,-15.19,-14.19,-39.0,-2.06,2.81,4.38,-0.7301180194937209,-0.04344535990173348,-0.020615142363540784,-41.586888761097505,13.230321745568984,-94.31067299052191,-0.5684,-0.355,0.1152,-0.7332
373,637607.0,609.569784,1.0,6.51,2.96,6.78,-15.19,-14.19,-39.0,-2.06,2.81,4.38,-0.7301180194937209,-0.04344535990173348,-0.020615142363540784,-41.586888761097505,13.230321745568984,-94.31067299052191,-0.5684,-0.355,0.1152,-0.7332
374,637642.0,609.587794,1.0,6.62,2.95,6.74,-15.19,-14.19,-37.88,-0.37,1.25,2.88,-0.708849192712125,-0.14530184302868274,-0.0640602174262952,-41.7953389567468,13.103434321670449,-94.24328884347399,-0.5681,-0.3567,0.1141,-0.7328
375,637642.0,609.587794,1.0,6.62,2.95,6.74,-15.19,-14.19,-37.88,-0.37,1.25,2.88,-0.708849192712125,-0.14530184302868274,-0.0640602174262952,-41.7953389567468,13.103434321670449,-94.24328884347399,-0.5681,-0.3567,0.1141,-0.7328
376,637677.0,609.681354,1.0,6.51,2.73,6.95,-15.19,-14.56,-37.75,2.13,-1.88,0.06,-0.3803320004449899,-0.006571364858496853,-0.09238047710235976,-41.979385883293695,13.022696190101502,-94.14229255211988,-0.5681,-0.3582,0.1134,-0.7322
377,637677.0,609.681354,1.0,6.51,2.73,6.95,-15.19,-14.56,-37.75,2.13,-1.88,0.06,-0.3803320004449899,-0.006571364858496853,-0.09238047710235976,-41.979385883293695,13.022696190101502,-94.14229255211988,-0.5681,-0.3582,0.1134,-0.7322
378,637712.0,609.694138,1.0,6.37,2.68,6.95,-15.19,-14.56,-37.75,1.69,-2.94,-1.25,-0.2908702059078612,0.09392966964159123,0.010305184688720105,-42.151265384526,13.011162702254634,-93.95738073569972,-0.5687,-0.3596,0.1133,-0.7311
379,637712.0,609.694138,1.0,6.37,2.68,6.95,-15.19,-14.56,-37.75,1.69,-2.94,-1.25,-0.2908702059078612,0.09392966964159123,0.010305184688720105,-42.151265384526,13.011162702254634,-93.95738073569972,-0.5687,-0.3596,0.1133,-0.7311
380,637747.0,609.7344780000001,1.0,6.09,2.51,6.85,-15.5,-14.19,-38.56,1.5,-3.69,-0.56,-0.12907876758615933,0.20215492344062969,0.3064830510097263,-42.286383276048326,12.988096123558293,-93.89021932509144,-0.5685,-0.3607,0.1131,-0.7307
381,637747.0,609.7344780000001,1.0,6.09,2.51,6.85,-15.5,-14.19,-38.56,1.5,-3.69,-0.56,-0.12907876758615933,0.20215492344062969,0.3064830510097263,-42.286383276048326,12.988096123558293,-93.89021932509144,-0.5685,-0.3607,0.1131,-0.7307
382,637782.0,609.798392,1.0,6.06,2.5,6.96,-14.75,-15.0,-38.25,0.19,-1.31,1.31,-0.06706557629064719,0.28582516040951894,0.2500289346781308,-42.32324429701836,12.965030073382625,-93.89021932509144,-0.5684,-0.361,0.1129,-0.7307
383,637782.0,609.798392,1.0,6.06,2.5,6.96,-14.75,-15.0,-38.25,0.19,-1.31,1.31,-0.06706557629064719,0.28582516040951894,0.2500289346781308,-42.32324429701836,12.965030073382625,-93.89021932509144,-0.5684,-0.361,0.1129,-0.7307
384,637816.0,609.871658,1.0,6.14,2.52,6.84,-15.19,-14.19,-37.38,0.56,-0.25,2.31,-0.14153253130629045,0.1639344236592759,0.27833986402512245,-42.32324429701836,12.965030073382625,-93.90700572648474,-0.5683,-0.361,0.1129,-0.7308
385,637816.0,609.871658,1.0,6.14,2.52,6.84,-15.19,-14.19,-37.38,0.56,-0.25,2.31,-0.14153253130629045,0.1639344236592759,0.27833986402512245,-42.32324429701836,12.965030073382625,-93.90700572648474,-0.5683,-0.361,0.1129,-0.7308
