,TIME,ELAPSED_SECONDS,PSTATE,acc_x,acc_y,acc_z,mag_x,mag_y,mag_z,gyr_x,gyr_y,gyr_z,lin_x,lin_y,lin_z,eul_x,eul_y,eul_z,qua_w,qua_x,qua_y,qua_z
0,1847224.0,1044.388027,1.0,-5.23,-1.59,-7.41,-1.5,-8.56,37.56,-2.13,-1.25,0.69,0.03481757894676085,-0.6009802735571321,0.6182491354865522,-119.83395800048694,48.73653543441946,25.418065988790868,0.1807,-0.8653,0.4126,0.22
1,1847224.0,1044.388027,1.0,-5.23,-1.59,-7.41,-1.5,-8.56,37.56,-2.13,-1.25,0.69,0.03481757894676085,-0.6009802735571321,0.6182491354865522,-119.83395800048694,48.73653543441946,25.418065988790868,0.1807,-0.8653,0.4126,0.22
2,1847257.0,1044.426419,1.0,-5.21,-1.2,-7.64,-0.75,-8.19,38.75,-4.31,1.5,2.25,-0.19397737287178665,-0.2338811736248921,0.4867051302361442,-119.74257704437856,48.76169642019097,25.523799625853453,0.1808,-0.8649,0.4128,0.2209
3,1847257.0,1044.426419,1.0,-5.21,-1.2,-7.64,-0.75,-8.19,38.75,-4.31,1.5,2.25,-0.19397737287178665,-0.2338811736248921,0.4867051302361442,-119.74257704437856,48.76169642019097,25.523799625853453,0.1808,-0.8649,0.4128,0.2209
4,1847291.0,1044.4541279999999,1.0,-5.01,-1.07,-8.09,-1.06,-7.88,37.88,-2.31,5.06,2.88,-0.07613604446028555,0.15472036316385218,0.23255135250548345,-119.78825181236216,48.87495187277357,25.441560447887092,0.1791,-0.8651,0.4137,0.2202
5,1847291.0,1044.4541279999999,1.0,-5.01,-1.07,-8.09,-1.06,-7.88,37.88,-2.31,5.06,2.88,-0.07613604446028555,0.15472036316385218,0.23255135250548345,-119.78825181236216,48.87495187277357,25.441560447887092,0.1791,-0.8651,0.4137,0.2202
6,1847328.0,1044.500992,1.0,-5.07,-1.19,-8.28,-1.88,-7.5,38.38,0.5,2.19,-1.5,0.01919340311981244,0.12774554538120142,0.02591829480984309,-119.83395800048694,48.862365423932296,25.35933459116607,0.1788,-0.8653,0.4136,0.2195
7,1847328.0,1044.500992,1.0,-5.07,-1.19,-8.28,-1.88,-7.5,38.38,0.5,2.19,-1.5,0.01919340311981244,0.12774554538120142,0.02591829480984309,-119.83395800048694,48.862365423932296,25.35933459116607,0.1788,-0.8653,0.4136,0.2195
8,1847363.0,1044.54925,1.0,-5.15,-1.61,-8.47,-1.88,-7.5,38.38,2.63,-3.56,-2.31,0.3443995370724823,-0.06265888832593591,-0.2299312318028921,-119.85682289966009,48.78685991006569,25.371080328389592,0.1796,-0.8654,0.413,0.2196
9,1847363.0,1044.54925,1.0,-5.15,-1.61,-8.47,-1.88,-7.5,38.38,2.63,-3.56,-2.31,0.3443995370724823,-0.06265888832593591,-0.2299312318028921,-119.85682289966009,48.78685991006569,25.371080328389592,0.1796,-0.8654,0.413,0.2196
10,1847398.0,1044.566139,1.0,-5.19,-1.63,-8.55,-1.5,-9.0,37.56,1.25,-4.63,-2.06,0.35958173350494194,-0.04275219045733203,-0.3207570337446555,-119.85682289966009,48.7113769507911,25.441560447887092,0.1802,-0.8654,0.4124,0.2202
11,1847398.0,1044.566139,1.0,-5.19,-1.63,-8.55,-1.5,-9.0,37.56,1.25,-4.63,-2.06,0.35958173350494194,-0.04275219045733203,-0.3207570337446555,-119.85682289966009,48.7113769507911,25.441560447887092,0.1802,-0.8654,0.4124,0.2202
12,1847435.0,1044.569516,1.0,-5.41,-1.75,-7.89,-1.06,-8.19,38.75,1.12,-5.19,-1.69,0.17748130551061758,-0.5339423578118653,0.09757661760513336,-119.81110097439955,48.58562199629408,25.570799441600013,0.1821,-0.8652,0.4114,0.2213
13,1847435.0,1044.569516,1.0,-5.41,-1.75,-7.89,-1.06,-8.19,38.75,1.12,-5.19,-1.69,0.17748130551061758,-0.5339423578118653,0.09757661760513336,-119.81110097439955,48.58562199629408,25.570799441600013,0.1821,-0.8652,0.4114,0.2213
14,1847468.0,1044.61839,1.0,-5.41,-1.72,-7.86,-1.06,-8.19,38.75,4.31,0.0,1.75,0.1432704081602042,-0.5176679864996626,0.12586524638115648,-119.74257704437856,48.62334193420396,25.570799441600013,0.1829,-0.8649,0.4117,0.2213
15,1847468.0,1044.61839,1.0,-5.41,-1.72,-7.86,-1.06,-8.19,38.75,4.31,0.0,1.75,0.1432704081602042,-0.5176679864996626,0.12586524638115648,-119.74257704437856,48.62334193420396,25.570799441600013,0.1829,-0.8649,0.4117,0.2213
16,1847502.0,1044.6888,1.0,-5.3,-1.47,-7.91,-1.88,-9.0,38.38,0.0,-0.94,2.13,0.01913883940179717,-0.2544152077623921,0.17576703908278546,-119.62852711601612,48.686220967347204,25.60605217391993,0.184,-0.8644,0.4122,0.2216
17,1847502.0,1044.6888,1.0,-5.3,-1.47,-7.91,-1.88,-9.0,38.38,0.0,-0.94,2.13,0.01913883940179717,-0.2544152077623921,0.17576703908278546,-119.62852711601612,48.686220967347204,25.60605217391993,0.184,-0.8644,0.4122,0.2216
18,1847539.0,1044.696952,1.0,-5.21,-1.39,-7.72,-1.5,-7.88,37.88,3.44,-4.13,0.94,-0.03270683764172877,-0.222027007898882,0.3926054775572165,-119.49192425354241,48.72395587995984,25.67656503656709,0.1851,-0.8638,0.4125,0.2222
19,1847539.0,1044.696952,1.0,-5.21,-1.39,-7.72,-1.5,-7.88,37.88,3.44,-4.13,0.94,-0.03270683764172877,-0.222027007898882,0.3926054775572165,-119.49192425354241,48.72395587995984,25.67656503656709,0.1851,-0.8638,0.4125,0.2222
20,1847574.0,1044.800948,1.0,-5.19,-1.25,-7.67,-1.5,-7.88,37.88,3.44,-5.88,0.5,-0.13850961140000229,-0.12464037993445665,0.4635894809174204,-119.37830144711691,48.72395587995984,25.770597576108926,0.1863,-0.8633,0.4125,0.223
21,1847574.0,1044.800948,1.0,-5.19,-1.25,-7.67,-1.5,-7.88,37.88,3.44,-5.88,0.5,-0.13850961140000229,-0.12464037993445665,0.4635894809174204,-119.37830144711691,48.72395587995984,25.770597576108926,0.1863,-0.8633,0.4125,0.223
22,1847607.0,1044.806227,1.0,-5.25,-1.12,-7.81,-0.75,-8.56,38.38,5.94,-8.63,-3.63,-0.23041207569775235,0.0469334113656541,0.33259556009570623,-119.19690467351394,48.67364391258275,25.99399574998519,0.1889,-0.8625,0.4121,0.2249
23,1847607.0,1044.806227,1.0,-5.25,-1.12,-7.81,-0.75,-8.56,38.38,5.94,-8.63,-3.63,-0.23041207569775235,0.0469334113656541,0.33259556009570623,-119.19690467351394,48.67364391258275,25.99399574998519,0.1889,-0.8625,0.4121,0.2249
24,1847642.0,1044.902052,1.0,-5.44,-1.1,-7.55,-1.06,-7.88,38.38,11.69,-8.63,-7.56,-0.4201378371685871,-0.12559448646525606,0.4464250976406117,-119.08377982565194,48.53533746105607,26.13514108768563,0.1921,-0.862,0.41100000000000003,0.2261
25,1847642.0,1044.902052,1.0,-5.44,-1.1,-7.55,-1.06,-7.88,38.38,11.69,-8.63,-7.56,-0.4201378371685871,-0.12559448646525606,0.4464250976406117,-119.08377982565194,48.53533746105607,26.13514108768563,0.1921,-0.862,0.41100000000000003,0.2261
26,1847678.0,1044.907457,1.0,-5.53,-2.06,-7.59,-0.37,-8.19,38.75,10.5,-9.75,-8.44,0.24821150540992756,-0.6164924577057459,0.2154598706065638,-119.01599598775483,48.27150646713053,26.13514108768563,0.1981,-0.8617,0.4089,0.2261
27,1847678.0,1044.907457,1.0,-5.53,-2.06,-7.59,-0.37,-8.19,38.75,10.5,-9.75,-8.44,0.24821150540992756,-0.6164924577057459,0.2154598706065638,-119.01599598775483,48.27150646713053,26.13514108768563,0.1981,-0.8617,0.4089,0.2261
28,1847711.0,1044.918037,1.0,-5.53,-1.62,-7.49,-0.37,-8.19,38.75,6.75,0.69,-8.25,-0.1726308632412562,-0.3672630827138825,0.3652138585471487,-119.10638959402516,48.045582104940436,26.00575632582789,0.2009,-0.8621,0.4071,0.225
29,1847711.0,1044.918037,1.0,-5.53,-1.62,-7.49,-0.37,-8.19,38.75,6.75,0.69,-8.25,-0.1726308632412562,-0.3672630827138825,0.3652138585471487,-119.10638959402516,48.045582104940436,26.00575632582789,0.2009,-0.8621,0.4071,0.225
30,1847748.0,1044.9213109999998,1.0,-5.22,-1.7,-7.9,-0.75,-7.06,38.75,7.06,0.06,-5.44,0.11940142334038115,0.015165651109639744,0.18719506205623127,-119.19690467351394,47.93269439397731,25.86464777060069,0.2027,-0.8625,0.4062,0.2238
31,1847748.0,1044.9213109999998,1.0,-5.22,-1.7,-7.9,-0.75,-7.06,38.75,7.06,0.06,-5.44,0.11940142334038115,0.015165651109639744,0.18719506205623127,-119.19690467351394,47.93269439397731,25.86464777060069,0.2027,-0.8625,0.4062,0.2238
32,1847783.0,1044.9613,1.0,-5.45,-1.99,-7.17,0.69,-8.56,38.38,11.38,13.38,-5.81,-0.005715953774020789,-0.6764701946202709,0.6080710117180121,-119.28754177396172,47.88253794953186,25.523799625853453,0.2045,-0.8629,0.4058,0.2209
33,1847783.0,1044.9613,1.0,-5.45,-1.99,-7.17,0.69,-8.56,38.38,11.38,13.38,-5.81,-0.005715953774020789,-0.6764701946202709,0.6080710117180121,-119.28754177396172,47.88253794953186,25.523799625853453,0.2045,-0.8629,0.4058,0.2209
34,1847818.0,1045.013984,1.0,-4.8,-2.31,-7.68,0.69,-8.56,38.38,13.0,40.0,-4.75,0.5388571645770134,-0.3032614657595083,0.4805487009807034,-119.81110097439955,48.09577032776433,24.127512270969643,0.2042,-0.8652,0.4075,0.209
35,1847818.0,1045.013984,1.0,-4.8,-2.31,-7.68,0.69,-8.56,38.38,13.0,40.0,-4.75,0.5388571645770134,-0.3032614657595083,0.4805487009807034,-119.81110097439955,48.09577032776433,24.127512270969643,0.2042,-0.8652,0.4075,0.209
36,1847853.0,1045.020332,1.0,-4.53,-2.29,-7.63,-0.37,-7.06,37.88,8.75,35.25,-3.56,0.494305523564417,-0.281071903376245,0.6601446217418001,-120.31578829659293,48.359419810815105,22.723163534007305,0.2024,-0.8674,0.4096,0.19699999999999998
37,1847853.0,1045.020332,1.0,-4.53,-2.29,-7.63,-0.37,-7.06,37.88,8.75,35.25,-3.56,0.494305523564417,-0.281071903376245,0.6601446217418001,-120.31578829659293,48.359419810815105,22.723163534007305,0.2024,-0.8674,0.4096,0.19699999999999998
38,1847889.0,1045.124717,1.0,-4.31,-2.72,-7.1,-2.25,-7.06,38.38,10.44,34.63,3.31,0.7642049210214454,-0.7423290520274273,1.132006582705969,-120.50027377126791,48.686220967347204,21.765523710742034,0.2015,-0.8682,0.4122,0.1888
39,1847889.0,1045.124717,1.0,-4.31,-2.72,-7.1,-2.25,-7.06,38.38,10.44,34.63,3.31,0.7642049210214454,-0.7423290520274273,1.132006582705969,-120.50027377126791,48.686220967347204,21.765523710742034,0.2015,-0.8682,0.4122,0.1888
40,1847924.0,1045.183056,1.0,-4.3,-3.24,-6.82,-2.25,-7.06,38.38,12.69,42.38,6.19,0.9886479804736866,-1.3212928561790591,1.2757203695953798,-120.73161403507063,49.353704706731605,20.20387293870638,0.1987,-0.8692,0.4175,0.1754
41,1847924.0,1045.183056,1.0,-4.3,-3.24,-6.82,-2.25,-7.06,38.38,12.69,42.38,6.19,0.9886479804736866,-1.3212928561790591,1.2757203695953798,-120.73161403507063,49.353704706731605,20.20387293870638,0.1987,-0.8692,0.4175,0.1754
42,1847959.0,1045.18975,1.0,-4.57,-2.75,-6.5,-2.25,-6.0,37.88,4.81,68.25,15.25,0.2848930234226198,-1.5613804754266307,1.5496331672593993,-120.89404187117351,50.13681071668797,18.69245669557365,0.1931,-0.8699,0.4237,0.1624
43,1847959.0,1045.18975,1.0,-4.57,-2.75,-6.5,-2.25,-6.0,37.88,4.81,68.25,15.25,0.2848930234226198,-1.5613804754266307,1.5496331672593993,-120.89404187117351,50.13681071668797,18.69245669557365,0.1931,-0.8699,0.4237,0.1624
44,1847994.0,1045.1932060000001,1.0,-3.0,-2.68,-8.7,-4.5,-6.75,38.75,8.06,83.12,20.19,1.142818618637398,0.21416244927842665,0.2924238070710761,-121.10347629286508,51.54513650446032,16.003112701402525,0.1827,-0.8708,0.4348,0.1392
45,1847994.0,1045.1932060000001,1.0,-3.0,-2.68,-8.7,-4.5,-6.75,38.75,8.06,83.12,20.19,1.142818618637398,0.21416244927842665,0.2924238070710761,-121.10347629286508,51.54513650446032,16.003112701402525,0.1827,-0.8708,0.4348,0.1392
46,1848029.0,1045.234021,1.0,-3.09,-1.82,-8.53,-6.38,-6.0,36.75,2.19,43.75,19.0,0.28829465565368584,0.36707499340392136,0.5652463111257244,-120.94052444578816,52.412024132935976,14.858287755594214,0.1767,-0.8701,0.4416,0.1293
47,1848029.0,1045.234021,1.0,-3.09,-1.82,-8.53,-6.38,-6.0,36.75,2.19,43.75,19.0,0.28829465565368584,0.36707499340392136,0.5652463111257244,-120.94052444578816,52.412024132935976,14.858287755594214,0.1767,-0.8701,0.4416,0.1293
48,1848064.0,1045.2491009999999,1.0,-3.51,-1.84,-8.08,-6.38,-6.0,36.75,1.69,27.0,21.56,-0.036107446891947004,-0.2996156320720213,0.8121501959365727,-120.50027377126791,53.436046525616895,13.818833482803015,0.1717,-0.8682,0.4496,0.1203
49,1848064.0,1045.2491009999999,1.0,-3.51,-1.84,-8.08,-6.38,-6.0,36.75,1.69,27.0,21.56,-0.036107446891947004,-0.2996156320720213,0.8121501959365727,-120.50027377126791,53.436046525616895,13.818833482803015,0.1717,-0.8682,0.4496,0.1203
50,1848100.0,1045.360408,1.0,-3.45,-2.12,-8.41,-7.88,-5.56,36.75,7.19,81.25,16.56,0.0786300558637929,-0.5424685523340737,0.4886810590749722,-120.47718468766024,54.348737347604505,11.962154211464537,0.1641,-0.8681,0.4567,0.1042
51,1848100.0,1045.360408,1.0,-3.45,-2.12,-8.41,-7.88,-5.56,36.75,7.19,81.25,16.56,0.0786300558637929,-0.5424685523340737,0.4886810590749722,-120.47718468766024,54.348737347604505,11.962154211464537,0.1641,-0.8681,0.4567,0.1042
52,1848135.0,1045.425007,1.0,-2.75,-1.96,-8.76,-10.06,-4.88,35.56,4.88,76.87,18.56,0.1044919799123688,-0.18172091575922844,0.4206093579129657,-120.31578829659293,55.60173066165572,9.3380846266553,0.153,-0.8674,0.4664,0.0814
53,1848135.0,1045.425007,1.0,-2.75,-1.96,-8.76,-10.06,-4.88,35.56,4.88,76.87,18.56,0.1044919799123688,-0.18172091575922844,0.4206093579129657,-120.31578829659293,55.60173066165572,9.3380846266553,0.153,-0.8674,0.4664,0.0814
54,1848170.0,1045.4278630000001,1.0,-2.4,-2.04,-9.07,-10.06,-4.88,35.56,5.63,56.5,22.44,0.20644816223852547,-0.08339740221472414,0.2078519487014852,-119.94836140851372,56.5494817192817,7.683390239501281,0.1464,-0.8658,0.4737,0.067
55,1848170.0,1045.4278630000001,1.0,-2.4,-2.04,-9.07,-10.06,-4.88,35.56,5.63,56.5,22.44,0.20644816223852547,-0.08339740221472414,0.2078519487014852,-119.94836140851372,56.5494817192817,7.683390239501281,0.1464,-0.8658,0.4737,0.067
56,1848205.0,1045.462509,1.0,-2.94,-1.83,-8.48,-11.69,-5.56,34.38,6.44,96.81,18.31,-0.4990898141430611,-1.053122734781576,0.7212363130562487,-119.56019073883043,57.84157774874587,4.66516502390792,0.1329,-0.8641,0.4836,0.0407
57,1848205.0,1045.462509,1.0,-2.94,-1.83,-8.48,-11.69,-5.56,34.38,6.44,96.81,18.31,-0.4990898141430611,-1.053122734781576,0.7212363130562487,-119.56019073883043,57.84157774874587,4.66516502390792,0.1329,-0.8641,0.4836,0.0407
58,1848240.0,1045.468959,1.0,-1.73,-1.73,-8.25,-13.56,-3.69,33.5,5.88,165.06,23.37,-0.2646305260274933,-0.624360242838228,1.2282792355799046,-119.15163191547691,59.089080085565726,0.6990128451499703,0.1151,-0.8623,0.4931,0.0061
59,1848240.0,1045.468959,1.0,-1.73,-1.73,-8.25,-13.56,-3.69,33.5,5.88,165.06,23.37,-0.2646305260274933,-0.624360242838228,1.2282792355799046,-119.15163191547691,59.089080085565726,0.6990128451499703,0.1151,-0.8623,0.4931,0.0061
60,1848276.0,1045.4857769999999,1.0,0.67,-1.73,-10.76,-18.19,-4.75,31.06,3.44,95.44,23.31,0.1992769536284078,1.1766550412904508,-1.0466984054257846,-118.0517930817869,60.64942873214444,-3.621696182670093,0.095,-0.8574,0.5049,-0.0316
61,1848276.0,1045.4857769999999,1.0,0.67,-1.73,-10.76,-18.19,-4.75,31.06,3.44,95.44,23.31,0.1992769536284078,1.1766550412904508,-1.0466984054257846,-118.0517930817869,60.64942873214444,-3.621696182670093,0.095,-0.8574,0.5049,-0.0316
62,1848311.0,1045.4887529999999,1.0,0.25,-1.46,-9.17,-18.19,-4.75,31.06,6.25,73.06,26.75,-0.2589836209218935,0.3411309749577818,0.5276652957331329,-116.79410996273165,61.92808029086676,-6.271288310584378,0.0834,-0.8517,0.5145,-0.0547
63,1848311.0,1045.4887529999999,1.0,0.25,-1.46,-9.17,-18.19,-4.75,31.06,6.25,73.06,26.75,-0.2589836209218935,0.3411309749577818,0.5276652957331329,-116.79410996273165,61.92808029086676,-6.271288310584378,0.0834,-0.8517,0.5145,-0.0547
64,1848348.0,1045.523388,1.0,-0.45,-2.17,-7.9,-20.37,-3.25,29.06,14.13,185.13,21.06,-0.06278974660507575,-1.2368180444568009,1.6956859036285137,-115.472556014324,62.91957249352721,-10.396251161173769,0.066,-0.8456,0.5219,-0.0906
65,1848348.0,1045.523388,1.0,-0.45,-2.17,-7.9,-20.37,-3.25,29.06,14.13,185.13,21.06,-0.06278974660507575,-1.2368180444568009,1.6956859036285137,-115.472556014324,62.91957249352721,-10.396251161173769,0.066,-0.8456,0.5219,-0.0906
66,1848385.0,1045.530623,1.0,3.32,-1.97,-11.33,-23.06,-2.19,26.25,-3.25,113.75,15.56,0.11610485988838415,1.403494811236116,-2.0798516710697346,-113.77509319472591,63.889331204462884,-14.765843296845908,0.0434,-0.8376,0.5291,-0.1285
67,1848385.0,1045.530623,1.0,3.32,-1.97,-11.33,-23.06,-2.19,26.25,-3.25,113.75,15.56,0.11610485988838415,1.403494811236116,-2.0798516710697346,-113.77509319472591,63.889331204462884,-14.765843296845908,0.0434,-0.8376,0.5291,-0.1285
68,1848420.0,1045.58644,1.0,2.18,-1.92,-10.14,-23.06,-2.19,26.25,-1.56,39.38,17.31,-0.20375553958857334,0.2595903849080419,-0.7360961561089621,-112.9614299666055,64.45738978708853,-15.968397992715149,0.0369,-0.8337,0.5333,-0.1389
69,1848420.0,1045.58644,1.0,2.18,-1.92,-10.14,-23.06,-2.19,26.25,-1.56,39.38,17.31,-0.20375553958857334,0.2595903849080419,-0.7360961561089621,-112.9614299666055,64.45738978708853,-15.968397992715149,0.0369,-0.8337,0.5333,-0.1389
70,1848455.0,1045.644843,1.0,2.18,-1.67,-10.29,-26.19,-2.88,23.75,-3.19,22.81,20.12,-0.5433694977946653,0.2219775324623692,-0.8272991988606133,-111.99230089793316,65.2311808589057,-16.69772182857332,0.0328,-0.8290000000000001,0.539,-0.1452
71,1848455.0,1045.644843,1.0,2.18,-1.67,-10.29,-26.19,-2.88,23.75,-3.19,22.81,20.12,-0.5433694977946653,0.2219775324623692,-0.8272991988606133,-111.99230089793316,65.2311808589057,-16.69772182857332,0.0328,-0.8290000000000001,0.539,-0.1452
72,1848489.0,1045.660649,1.0,2.25,-1.24,-10.3,-25.5,-2.5,22.19,-4.5,-17.31,15.69,-0.8679720816158313,0.5199482147438254,-0.7605813459827431,-111.58357510903522,65.74890233219018,-16.361918539628213,0.0338,-0.8270000000000001,0.5428,-0.1423
73,1848489.0,1045.660649,1.0,2.25,-1.24,-10.3,-25.5,-2.5,22.19,-4.5,-17.31,15.69,-0.8679720816158313,0.5199482147438254,-0.7605813459827431,-111.58357510903522,65.74890233219018,-16.361918539628213,0.0338,-0.8270000000000001,0.5428,-0.1423
74,1848526.0,1045.738449,1.0,2.38,-0.98,-10.85,-26.0,-2.06,20.87,-5.75,12.13,12.19,-1.2040720784936016,0.6477458812119353,-1.2603250023737331,-111.05541520272615,66.26813997300863,-16.454539675361616,0.0319,-0.8244,0.5466,-0.1431
75,1848526.0,1045.738449,1.0,2.38,-0.98,-10.85,-26.0,-2.06,20.87,-5.75,12.13,12.19,-1.2040720784936016,0.6477458812119353,-1.2603250023737331,-111.05541520272615,66.26813997300863,-16.454539675361616,0.0319,-0.8244,0.5466,-0.1431
76,1848561.0,1045.748251,1.0,2.36,-1.38,-10.95,-26.0,-2.06,20.87,-1.94,13.38,7.38,-0.8560002746338861,0.3711638938917218,-1.4408386483026874,-110.83302792899204,66.50092772303125,-16.581911426258042,0.0278,-0.8233,0.5483,-0.1442
77,1848561.0,1045.748251,1.0,2.36,-1.38,-10.95,-26.0,-2.06,20.87,-1.94,13.38,7.38,-0.8560002746338861,0.3711638938917218,-1.4408386483026874,-110.83302792899204,66.50092772303125,-16.581911426258042,0.0278,-0.8233,0.5483,-0.1442
78,1848598.0,1045.751397,1.0,2.12,-1.44,-10.57,-26.06,-2.38,20.25,-3.81,6.0,1.06,-0.7837661258843044,0.1382529388869037,-1.040446237463993,-110.63139954579823,66.69286830197329,-16.66297690980209,0.0263,-0.8223,0.5497,-0.1449
79,1848598.0,1045.751397,1.0,2.12,-1.44,-10.57,-26.06,-2.38,20.25,-3.81,6.0,1.06,-0.7837661258843044,0.1382529388869037,-1.040446237463993,-110.63139954579823,66.69286830197329,-16.66297690980209,0.0263,-0.8223,0.5497,-0.1449
80,1848633.0,1045.8451029999999,1.0,1.44,-1.3,-9.44,-26.75,-2.38,20.0,-2.31,30.56,-0.56,-0.8627262916589495,-0.3739566035318301,0.21534874290483152,-110.51066825702887,66.73402593846353,-16.998909587512788,0.0233,-0.8217,0.55,-0.1478
81,1848633.0,1045.8451029999999,1.0,1.44,-1.3,-9.44,-26.75,-2.38,20.0,-2.31,30.56,-0.56,-0.8627262916589495,-0.3739566035318301,0.21534874290483152,-110.51066825702887,66.73402593846353,-16.998909587512788,0.0233,-0.8217,0.55,-0.1478
82,1848668.0,1045.895056,1.0,2.87,-1.62,-10.6,-26.75,-2.38,20.0,-4.25,19.5,-0.37,-0.4812679201828326,0.40390812109486185,-1.2760635404068132,-110.2096390648013,66.69286830197329,-18.13523798699121,0.016,-0.8202,0.5497,-0.1576
83,1848668.0,1045.895056,1.0,2.87,-1.62,-10.6,-26.75,-2.38,20.0,-4.25,19.5,-0.37,-0.4812679201828326,0.40390812109486185,-1.2760635404068132,-110.2096390648013,66.69286830197329,-18.13523798699121,0.016,-0.8202,0.5497,-0.1576
84,1848702.0,1045.9492890000001,1.0,2.13,-1.54,-9.77,-26.56,-2.75,20.0,-1.69,-8.81,-3.56,-0.5435080895843151,-0.08699525610549362,-0.29574727896164,-110.37004645806756,66.59687161580996,-17.87999134136898,0.0162,-0.821,0.5489999999999999,-0.1554
85,1848702.0,1045.9492890000001,1.0,2.13,-1.54,-9.77,-26.56,-2.75,20.0,-1.69,-8.81,-3.56,-0.5435080895843151,-0.08699525610549362,-0.29574727896164,-110.37004645806756,66.59687161580996,-17.87999134136898,0.0162,-0.821,0.5489999999999999,-0.1554
86,1848739.0,1045.956804,1.0,1.57,-1.79,-9.23,-26.87,-2.38,20.0,2.5,-22.69,-2.31,-0.3294889956373339,-0.5299483310199384,0.2949471152267833,-110.63139954579823,66.48722575330268,-17.3929494210965,0.019,-0.8223,0.5482,-0.1512
87,1848739.0,1045.956804,1.0,1.57,-1.79,-9.23,-26.87,-2.38,20.0,2.5,-22.69,-2.31,-0.3294889956373339,-0.5299483310199384,0.2949471152267833,-110.63139954579823,66.48722575330268,-17.3929494210965,0.019,-0.8223,0.5482,-0.1512
88,1848774.0,1045.974831,1.0,1.67,-2.09,-9.42,-26.87,-2.38,20.0,3.13,-20.37,-2.06,-0.051407407831848384,-0.486173829437042,0.02634365070855971,-110.83302792899204,66.41873200300768,-16.940979741891212,0.0226,-0.8233,0.5477,-0.1473
89,1848774.0,1045.974831,1.0,1.67,-2.09,-9.42,-26.87,-2.38,20.0,3.13,-20.37,-2.06,-0.051407407831848384,-0.486173829437042,0.02634365070855971,-110.83302792899204,66.41873200300768,-16.940979741891212,0.0226,-0.8233,0.5477,-0.1473
90,1848809.0,1045.978001,1.0,2.17,-2.04,-9.84,-26.87,-2.75,20.0,0.06,-9.56,-0.88,0.00595127557204328,0.02665530716411757,-0.474174581565384,-111.0351722213916,66.33657485995305,-16.489275388774946,0.0255,-0.8243,0.5471,-0.1434
91,1848809.0,1045.978001,1.0,2.17,-2.04,-9.84,-26.87,-2.75,20.0,0.06,-9.56,-0.88,0.00595127557204328,0.02665530716411757,-0.474174581565384,-111.0351722213916,66.33657485995305,-16.489275388774946,0.0255,-0.8243,0.5471,-0.1434
92,1848844.0,1046.0610390000002,1.0,2.27,-2.4,-9.97,-26.56,-2.38,20.75,1.63,-15.75,0.37,0.3615804769681504,0.0471842596514207,-0.6900558263207834,-111.15670835013724,66.32288574654007,-16.072546557241562,0.0283,-0.8249,0.547,-0.1398
93,1848844.0,1046.0610390000002,1.0,2.27,-2.4,-9.97,-26.56,-2.38,20.75,1.63,-15.75,0.37,0.3615804769681504,0.0471842596514207,-0.6900558263207834,-111.15670835013724,66.32288574654007,-16.072546557241562,0.0283,-0.8249,0.547,-0.1398
94,1848881.0,1046.071818,1.0,1.74,-2.47,-9.82,-25.75,-2.75,21.06,0.88,-12.81,1.19,0.2932108854520972,-0.3916476496878376,-0.4559782937240975,-111.1972622086614,66.33657485995305,-15.794846506662765,0.03,-0.8251,0.5471,-0.1374
95,1848881.0,1046.071818,1.0,1.74,-2.47,-9.82,-25.75,-2.75,21.06,0.88,-12.81,1.19,0.2932108854520972,-0.3916476496878376,-0.4559782937240975,-111.1972622086614,66.33657485995305,-15.794846506662765,0.03,-0.8251,0.5471,-0.1374
96,1848913.0,1046.114051,1.0,1.73,-2.28,-10.29,-25.75,-2.75,21.06,0.94,-32.25,6.0,0.06835387114424897,-0.178913375139804,-0.8722412229920078,-111.27843287427478,66.48722575330268,-14.904513628099544,0.0357,-0.8255,0.5482,-0.1297
97,1848913.0,1046.114051,1.0,1.73,-2.28,-10.29,-25.75,-2.75,21.06,0.94,-32.25,6.0,0.06835387114424897,-0.178913375139804,-0.8722412229920078,-111.27843287427478,66.48722575330268,-14.904513628099544,0.0357,-0.8255,0.5482,-0.1297
98,1848950.0,1046.1294560000001,1.0,1.98,-2.78,-11.12,-25.75,-2.38,21.5,-3.44,-98.5,14.56,0.5677044997095785,0.1830638131298108,-1.810036241839013,-111.44102705802788,66.67915125155818,-13.103434321670449,0.0461,-0.8263,0.5496,-0.1141
99,1848950.0,1046.1294560000001,1.0,1.98,-2.78,-11.12,-25.75,-2.38,21.5,-3.44,-98.5,14.56,0.5677044997095785,0.1830638131298108,-1.810036241839013,-111.44102705802788,66.67915125155818,-13.103434321670449,0.0461,-0.8263,0.5496,-0.1141
100,1848987.0,1046.132533,1.0,0.13,-1.88,-9.27,-24.69,-2.06,23.5,-4.94,-122.31,19.06,-0.1407042572407154,-0.3496273664573948,0.35455166065658794,-111.5428205011455,67.13238693393745,-8.92424161449454,0.0679,-0.8268,0.5529,-0.0778
101,1848987.0,1046.132533,1.0,0.13,-1.88,-9.27,-24.69,-2.06,23.5,-4.94,-122.31,19.06,-0.1407042572407154,-0.3496273664573948,0.35455166065658794,-111.5428205011455,67.13238693393745,-8.92424161449454,0.0679,-0.8268,0.5529,-0.0778
102,1849022.0,1046.176575,1.0,0.44,-2.42,-11.05,-24.69,-2.06,23.5,-10.69,-139.75,21.87,0.4240945149135532,0.4577094656154445,-1.4965860803225848,-111.40034681062792,67.40765461346972,-5.6516548202737225,0.0849,-0.8261,0.5549,-0.0493
103,1849022.0,1046.176575,1.0,0.44,-2.42,-11.05,-24.69,-2.06,23.5,-10.69,-139.75,21.87,0.4240945149135532,0.4577094656154445,-1.4965860803225848,-111.40034681062792,67.40765461346972,-5.6516548202737225,0.0849,-0.8261,0.5549,-0.0493
104,1849057.0,1046.2281189999999,1.0,-1.25,-1.51,-9.52,-23.25,-2.38,24.69,-7.5,-97.12,15.5,-0.4044790839569893,-0.19836439802228176,0.09737359873102668,-111.01493444523935,67.62818664851126,-1.5126525087430307,0.1041,-0.8242,0.5565,-0.0132
105,1849057.0,1046.2281189999999,1.0,-1.25,-1.51,-9.52,-23.25,-2.38,24.69,-7.5,-97.12,15.5,-0.4044790839569893,-0.19836439802228176,0.09737359873102668,-111.01493444523935,67.62818664851126,-1.5126525087430307,0.1041,-0.8242,0.5565,-0.0132
106,1849092.0,1046.281233,1.0,-1.99,-1.69,-9.15,-21.0,-1.25,27.87,-3.94,-94.25,14.44,-0.23092692023376546,-0.4600606012461837,0.3054018188033645,-110.51066825702887,67.68336405721995,1.5241126706819226,0.1205,-0.8217,0.5569,0.0133
107,1849092.0,1046.281233,1.0,-1.99,-1.69,-9.15,-21.0,-1.25,27.87,-3.94,-94.25,14.44,-0.23092692023376546,-0.4600606012461837,0.3054018188033645,-110.51066825702887,67.68336405721995,1.5241126706819226,0.1205,-0.8217,0.5569,0.0133
108,1849128.0,1046.334377,1.0,-2.32,-1.92,-9.4,-19.06,-1.25,30.25,-1.25,-63.63,10.44,-0.04203996863314885,-0.4727695707539813,-0.05253463028289573,-110.1495692444103,67.66956803559746,3.1860558160551733,0.1299,-0.8199,0.5568,0.0278
109,1849128.0,1046.334377,1.0,-2.32,-1.92,-9.4,-19.06,-1.25,30.25,-1.25,-63.63,10.44,-0.04203996863314885,-0.4727695707539813,-0.05253463028289573,-110.1495692444103,67.66956803559746,3.1860558160551733,0.1299,-0.8199,0.5568,0.0278
110,1849163.0,1046.353535,1.0,-2.87,-1.82,-8.69,-19.06,-1.25,30.25,-0.5,-56.38,10.69,-0.13052788200424353,-0.7778481970514062,0.5091603036161754,-109.63083923692189,67.72475880644298,5.0436569106979485,0.1403,-0.8173,0.5572,0.044000000000000004
111,1849163.0,1046.353535,1.0,-2.87,-1.82,-8.69,-19.06,-1.25,30.25,-0.5,-56.38,10.69,-0.13052788200424353,-0.7778481970514062,0.5091603036161754,-109.63083923692189,67.72475880644298,5.0436569106979485,0.1403,-0.8173,0.5572,0.044000000000000004
112,1849200.0,1046.35718,1.0,-2.71,-1.82,-9.13,-17.0,-0.88,31.06,0.75,-42.56,8.5,-0.02184149394194207,-0.30592449385907394,0.11545125303378788,-109.253864399006,67.75236088092288,6.133576755953128,0.1465,-0.8154,0.5574,0.0535
113,1849200.0,1046.35718,1.0,-2.71,-1.82,-9.13,-17.0,-0.88,31.06,0.75,-42.56,8.5,-0.02184149394194207,-0.30592449385907394,0.11545125303378788,-109.253864399006,67.75236088092288,6.133576755953128,0.1465,-0.8154,0.5574,0.0535
114,1849235.0,1046.398929,1.0,-2.41,-1.88,-9.5,-15.88,-0.56,31.75,4.88,-24.81,9.13,0.18091851175665813,0.2536820217744715,-0.16808878975947114,-108.76048947633528,67.91806721211006,7.051830951076286,0.153,-0.8129,0.5586,0.0615
115,1849235.0,1046.398929,1.0,-2.41,-1.88,-9.5,-15.88,-0.56,31.75,4.88,-24.81,9.13,0.18091851175665813,0.2536820217744715,-0.16808878975947114,-108.76048947633528,67.91806721211006,7.051830951076286,0.153,-0.8129,0.5586,0.0615
116,1849270.0,1046.415684,1.0,-3.26,-1.47,-8.42,-15.88,-0.56,31.75,-0.44,-50.75,10.69,-0.3614537339643107,-0.5222072915967537,0.6807773982809486,-108.28962313901592,68.00098090210307,8.073924421552888,0.1592,-0.8105,0.5592,0.0704
117,1849270.0,1046.415684,1.0,-3.26,-1.47,-8.42,-15.88,-0.56,31.75,-0.44,-50.75,10.69,-0.3614537339643107,-0.5222072915967537,0.6807773982809486,-108.28962313901592,68.00098090210307,8.073924421552888,0.1592,-0.8105,0.5592,0.0704
118,1849305.0,1046.467782,1.0,-3.43,-1.58,-8.54,-14.0,-0.56,32.25,-0.44,-37.63,5.38,-0.23342318946295534,-0.4322431688903281,0.4818669216882814,-107.86033561317936,67.93188335325443,9.372576979838527,0.1665,-0.8083,0.5587,0.0817
119,1849305.0,1046.467782,1.0,-3.43,-1.58,-8.54,-14.0,-0.56,32.25,-0.44,-37.63,5.38,-0.23342318946295534,-0.4322431688903281,0.4818669216882814,-107.86033561317936,67.93188335325443,9.372576979838527,0.1665,-0.8083,0.5587,0.0817
120,1849339.0,1046.4708,1.0,-3.52,-2.2,-7.93,-13.19,-1.69,33.38,4.69,-23.69,8.19,0.3779004502885581,-0.8065698814444497,0.9003636652801017,-107.53011997485687,67.98715914500032,9.970582425862727,0.1711,-0.8066,0.5591,0.0869
121,1849339.0,1046.4708,1.0,-3.52,-2.2,-7.93,-13.19,-1.69,33.38,4.69,-23.69,8.19,0.3779004502885581,-0.8065698814444497,0.9003636652801017,-107.53011997485687,67.98715914500032,9.970582425862727,0.1711,-0.8066,0.5591,0.0869
122,1849376.0,1046.547086,1.0,-3.29,-1.66,-7.82,-13.19,-1.69,33.38,0.63,-16.06,13.81,0.015555002649780937,-0.3744301626971691,1.1700036546206114,-106.95053068480223,68.31919267545712,10.557352206642195,0.1745,-0.8036,0.5615,0.092
123,1849376.0,1046.547086,1.0,-3.29,-1.66,-7.82,-13.19,-1.69,33.38,0.63,-16.06,13.81,0.015555002649780937,-0.3744301626971691,1.1700036546206114,-106.95053068480223,68.31919267545712,10.557352206642195,0.1745,-0.8036,0.5615,0.092
124,1849411.0,1046.597739,1.0,-2.8,-1.32,-8.74,-14.06,-0.56,33.88,-6.25,-14.75,10.38,-0.11425293272239145,0.5654395632055206,0.5526117264825263,-106.64302990624313,68.51318055335086,11.029269725697887,0.1752,-0.802,0.5629,0.0961
125,1849411.0,1046.597739,1.0,-2.8,-1.32,-8.74,-14.06,-0.56,33.88,-6.25,-14.75,10.38,-0.11425293272239145,0.5654395632055206,0.5526117264825263,-106.64302990624313,68.51318055335086,11.029269725697887,0.1752,-0.802,0.5629,0.0961
126,1849446.0,1046.676266,1.0,-3.22,-1.78,-8.4,-13.0,-0.25,33.38,-3.0,-20.06,7.5,0.2536967602416943,0.023843251470404336,0.6397601537543185,-106.26020470831196,68.67963404083082,11.685663847129462,0.1774,-0.8,0.5641,0.1018
127,1849446.0,1046.676266,1.0,-3.22,-1.78,-8.4,-13.0,-0.25,33.38,-3.0,-20.06,7.5,0.2536967602416943,0.023843251470404336,0.6397601537543185,-106.26020470831196,68.67963404083082,11.685663847129462,0.1774,-0.8,0.5641,0.1018
128,1849483.0,1046.736243,1.0,-3.93,-1.25,-7.2,-11.88,-1.37,33.25,-6.0,-8.19,7.13,-0.3921311815459061,-0.8693587871552086,1.5642081023791583,-106.05037621061463,68.79069483955588,12.111948910357555,0.1778,-0.7989,0.5649,0.1055
129,1849483.0,1046.736243,1.0,-3.93,-1.25,-7.2,-11.88,-1.37,33.25,-6.0,-8.19,7.13,-0.3921311815459061,-0.8693587871552086,1.5642081023791583,-106.05037621061463,68.79069483955588,12.111948910357555,0.1778,-0.7989,0.5649,0.1055
130,1849516.0,1046.740106,1.0,-3.36,-1.11,-8.23,-11.88,-1.37,33.25,-2.5,3.25,3.19,-0.33712207511322345,0.07015452628256913,0.8547771764555616,-105.93613916476913,68.92962456147485,12.192616183384214,0.1766,-0.7983,0.5659,0.1062
131,1849516.0,1046.740106,1.0,-3.36,-1.11,-8.23,-11.88,-1.37,33.25,-2.5,3.25,3.19,-0.33712207511322345,0.07015452628256913,0.8547771764555616,-105.93613916476913,68.92962456147485,12.192616183384214,0.1766,-0.7983,0.5659,0.1062
132,1849550.0,1046.777622,1.0,-3.51,-1.52,-8.59,-12.56,-1.0,35.75,-2.88,-5.44,2.81,0.0009494313946573074,-0.02688315846653322,0.4035719723342249,-105.91711433300469,68.92962456147485,12.296340166976414,0.1766,-0.7982,0.5659,0.1071
133,1849550.0,1046.777622,1.0,-3.51,-1.52,-8.59,-12.56,-1.0,35.75,-2.88,-5.44,2.81,0.0009494313946573074,-0.02688315846653322,0.4035719723342249,-105.91711433300469,68.92962456147485,12.296340166976414,0.1766,-0.7982,0.5659,0.1071
134,1849587.0,1046.7931310000001,1.0,-4.04,-1.77,-7.91,-11.88,-1.0,35.25,-6.81,-7.63,2.13,0.125314716444624,-0.7924671935111063,0.7856250045213198,-105.822052873486,68.92962456147485,12.699808169946316,0.1769,-0.7977,0.5659,0.1106
135,1849587.0,1046.7931310000001,1.0,-4.04,-1.77,-7.91,-11.88,-1.0,35.25,-6.81,-7.63,2.13,0.125314716444624,-0.7924671935111063,0.7856250045213198,-105.822052873486,68.92962456147485,12.699808169946316,0.1769,-0.7977,0.5659,0.1106
136,1849624.0,1046.881091,1.0,-3.89,-1.27,-8.2,-11.88,-1.0,35.25,-4.94,1.31,2.31,-0.26904836433322643,-0.3990496403145701,0.6549631411627495,-105.80305309851605,68.94352388945018,12.861239362009446,0.1757,-0.7976,0.5660000000000001,0.11199999999999999
137,1849624.0,1046.881091,1.0,-3.89,-1.27,-8.2,-11.88,-1.0,35.25,-4.94,1.31,2.31,-0.26904836433322643,-0.3990496403145701,0.6549631411627495,-105.80305309851605,68.94352388945018,12.861239362009446,0.1757,-0.7976,0.5660000000000001,0.11199999999999999
138,1849657.0,1046.8934140000001,1.0,-3.84,-2.13,-8.94,-11.5,-1.0,35.0,-2.69,-8.06,3.19,0.5512690466376798,-0.3034879935588126,-0.13367682943497886,-105.72709561294405,69.01303790274106,12.907367253850758,0.1758,-0.7972,0.5665,0.1124
139,1849657.0,1046.8934140000001,1.0,-3.84,-2.13,-8.94,-11.5,-1.0,35.0,-2.69,-8.06,3.19,0.5512690466376798,-0.3034879935588126,-0.13367682943497886,-105.72709561294405,69.01303790274106,12.907367253850758,0.1758,-0.7972,0.5665,0.1124
140,1849692.0,1046.8967539999999,1.0,-4.19,-1.36,-8.37,-12.25,-0.69,34.5,-7.25,-9.38,4.19,-0.2191023473406758,-0.5663073922946648,0.3676940143614278,-105.5943297282315,69.04085162488089,13.357225465957494,0.1758,-0.7965,0.5667,0.1163
141,1849692.0,1046.8967539999999,1.0,-4.19,-1.36,-8.37,-12.25,-0.69,34.5,-7.25,-9.38,4.19,-0.2191023473406758,-0.5663073922946648,0.3676940143614278,-105.5943297282315,69.04085162488089,13.357225465957494,0.1758,-0.7965,0.5667,0.1163
142,1849729.0,1046.938386,1.0,-4.0,-1.66,-8.83,-10.88,-1.37,35.75,0.31,-1.19,3.31,0.1375033659476842,-0.28569996367183514,-0.02309915016201991,-105.5185544187127,69.082580917068,13.4841456448157,0.17600000000000002,-0.7961,0.5670000000000001,0.1174
143,1849729.0,1046.938386,1.0,-4.0,-1.66,-8.83,-10.88,-1.37,35.75,0.31,-1.19,3.31,0.1375033659476842,-0.28569996367183514,-0.02309915016201991,-105.5185544187127,69.082580917068,13.4841456448157,0.17600000000000002,-0.7961,0.5670000000000001,0.1174
144,1849763.0,1046.949918,1.0,-3.73,-1.41,-9.47,-10.88,-1.37,35.75,-0.06,-10.25,5.5,0.011599240338997618,0.3417324814322009,-0.4629646163698738,-105.25385814101205,69.207831623394,13.772662665221276,0.1775,-0.7947,0.5679,0.1199
145,1849763.0,1046.949918,1.0,-3.73,-1.41,-9.47,-10.88,-1.37,35.75,-0.06,-10.25,5.5,0.011599240338997618,0.3417324814322009,-0.4629646163698738,-105.25385814101205,69.207831623394,13.772662665221276,0.1775,-0.7947,0.5679,0.1199
146,1849800.0,1046.9982439999999,1.0,-4.18,-1.43,-9.1,-11.56,-0.69,34.19,1.06,-17.0,2.44,-0.06769329604042773,-0.12115052146994645,-0.30809370257688506,-105.04644280430534,69.207831623394,14.24602144035678,0.1796,-0.7936,0.5679,0.124
147,1849800.0,1046.9982439999999,1.0,-4.18,-1.43,-9.1,-11.56,-0.69,34.19,1.06,-17.0,2.44,-0.06769329604042773,-0.12115052146994645,-0.30809370257688506,-105.04644280430534,69.207831623394,14.24602144035678,0.1796,-0.7936,0.5679,0.124
148,1849835.0,1047.01433,1.0,-4.18,-1.86,-9.07,-10.88,-1.0,33.75,1.88,-13.5,2.44,0.35709881326762416,-0.16175598005900627,-0.34437041375536026,-104.8583074462282,69.15215299440362,14.638747929971785,0.1829,-0.7926,0.5675,0.1274
149,1849835.0,1047.01433,1.0,-4.18,-1.86,-9.07,-10.88,-1.0,33.75,1.88,-13.5,2.44,0.35709881326762416,-0.16175598005900627,-0.34437041375536026,-104.8583074462282,69.15215299440362,14.638747929971785,0.1829,-0.7926,0.5675,0.1274
150,1849870.0,1047.0180679999999,1.0,-4.37,-1.7,-8.62,-10.88,-1.0,33.75,-1.19,-12.63,3.13,0.1780701251607042,-0.4137233072043607,0.004179696265277144,-104.72685126814748,69.13823625091533,14.985414779298193,0.1844,-0.7919,0.5674,0.1304
151,1849870.0,1047.0180679999999,1.0,-4.37,-1.7,-8.62,-10.88,-1.0,33.75,-1.19,-12.63,3.13,0.1780701251607042,-0.4137233072043607,0.004179696265277144,-104.72685126814748,69.13823625091533,14.985414779298193,0.1844,-0.7919,0.5674,0.1304
152,1849905.0,1047.104644,1.0,-4.39,-1.91,-8.67,-11.19,-0.69,34.5,-2.25,-11.81,2.44,0.3974347152046226,-0.3848240922715188,-0.08188154240596113,-104.53939520886965,69.0964930055083,15.39003407585724,0.187,-0.7909,0.5671,0.1339
153,1849905.0,1047.104644,1.0,-4.39,-1.91,-8.67,-11.19,-0.69,34.5,-2.25,-11.81,2.44,0.3974347152046226,-0.3848240922715188,-0.08188154240596113,-104.53939520886965,69.0964930055083,15.39003407585724,0.187,-0.7909,0.5671,0.1339
154,1849939.0,1047.150122,1.0,-4.32,-1.43,-8.32,-10.5,-1.0,35.25,2.0,-6.5,6.69,-0.010949579070933524,-0.3085228766896977,0.3285492545300901,-104.31496972568995,69.2356779378902,15.598198868035936,0.188,-0.7897,0.5681,0.1357
155,1849939.0,1047.150122,1.0,-4.32,-1.43,-8.32,-10.5,-1.0,35.25,2.0,-6.5,6.69,-0.010949579070933524,-0.3085228766896977,0.3285492545300901,-104.31496972568995,69.2356779378902,15.598198868035936,0.188,-0.7897,0.5681,0.1357
156,1849976.0,1047.223017,1.0,-4.21,-1.27,-8.63,-10.5,-1.0,35.25,-1.5,-9.38,6.06,-0.09568016816310963,0.020086184243653715,0.121385839915213,-104.01661275346248,69.37497967027187,15.887402736014533,0.1893,-0.7881,0.5691,0.1382
157,1849976.0,1047.223017,1.0,-4.21,-1.27,-8.63,-10.5,-1.0,35.25,-1.5,-9.38,6.06,-0.09568016816310963,0.020086184243653715,0.121385839915213,-104.01661275346248,69.37497967027187,15.887402736014533,0.1893,-0.7881,0.5691,0.1382
158,1850011.0,1047.2726890000001,1.0,-4.41,-1.26,-8.56,-10.88,-0.69,36.19,-2.38,-9.38,3.63,-0.13575834086187633,-0.13154093020460722,0.09719241182508932,-103.84922334055193,69.41679304080012,16.188282864682783,0.1903,-0.7872,0.5694,0.1408
159,1850011.0,1047.2726890000001,1.0,-4.41,-1.26,-8.56,-10.88,-0.69,36.19,-2.38,-9.38,3.63,-0.13575834086187633,-0.13154093020460722,0.09719241182508932,-103.84922334055193,69.41679304080012,16.188282864682783,0.1903,-0.7872,0.5694,0.1408
160,1850046.0,1047.2755220000001,1.0,-4.7,-1.49,-8.2,-9.69,-1.0,35.25,0.0,-13.19,3.75,0.024157927531778037,-0.5233696838037096,0.2528235116963433,-103.58945826629656,69.44467449288967,16.616652750638245,0.1928,-0.7858,0.5696,0.1445
161,1850046.0,1047.2755220000001,1.0,-4.7,-1.49,-8.2,-9.69,-1.0,35.25,0.0,-13.19,3.75,0.024157927531778037,-0.5233696838037096,0.2528235116963433,-103.58945826629656,69.44467449288967,16.616652750638245,0.1928,-0.7858,0.5696,0.1445
162,1850081.0,1047.308895,1.0,-4.67,-1.18,-8.46,-9.38,-1.0,35.25,-3.94,-15.63,3.63,-0.21852843765327767,-0.23003941783426296,0.0766845741529334,-103.45985596974184,69.40285407677956,17.02208275037734,0.19399999999999998,-0.7851,0.5693,0.14800000000000002
163,1850081.0,1047.308895,1.0,-4.67,-1.18,-8.46,-9.38,-1.0,35.25,-3.94,-15.63,3.63,-0.21852843765327767,-0.23003941783426296,0.0766845741529334,-103.45985596974184,69.40285407677956,17.02208275037734,0.19399999999999998,-0.7851,0.5693,0.14800000000000002
164,1850116.0,1047.315727,1.0,-4.71,-1.19,-8.43,-9.38,-1.0,35.25,0.5,-7.81,2.19,-0.1842155166823436,-0.22022706054930372,0.0812880691917055,-103.25656970588601,69.4307331793357,17.3929494210965,0.1954,-0.784,0.5695,0.1512
165,1850116.0,1047.315727,1.0,-4.71,-1.19,-8.43,-9.38,-1.0,35.25,0.5,-7.81,2.19,-0.1842155166823436,-0.22022706054930372,0.0812880691917055,-103.25656970588601,69.4307331793357,17.3929494210965,0.1954,-0.784,0.5695,0.1512
166,1850150.0,1047.368434,1.0,-4.66,-1.04,-8.07,-9.0,-1.37,35.75,2.94,-11.0,1.88,-0.3061939595589911,-0.262699957669573,0.4386548040485199,-103.10901079937445,69.4307331793357,17.601642377536205,0.1971,-0.7832,0.5695,0.153
167,1850150.0,1047.368434,1.0,-4.66,-1.04,-8.07,-9.0,-1.37,35.75,2.94,-11.0,1.88,-0.3061939595589911,-0.262699957669573,0.4386548040485199,-103.10901079937445,69.4307331793357,17.601642377536205,0.1971,-0.7832,0.5695,0.153
168,1850187.0,1047.422863,1.0,-4.77,-1.43,-7.93,-9.38,-1.0,36.19,1.75,-14.88,-1.37,0.03027365226701506,-0.4483358023892269,0.4535340211256624,-102.96169084903136,69.31924492932319,17.891591511712036,0.2004,-0.7824,0.5687,0.1555
169,1850187.0,1047.422863,1.0,-4.77,-1.43,-7.93,-9.38,-1.0,36.19,1.75,-14.88,-1.37,0.03027365226701506,-0.4483358023892269,0.4535340211256624,-102.96169084903136,69.31924492932319,17.891591511712036,0.2004,-0.7824,0.5687,0.1555
170,1850222.0,1047.482086,1.0,-5.04,-1.62,-7.5,-9.38,-1.0,36.19,1.19,-11.31,-1.12,0.13188532015589782,-0.8732563627352103,0.6690338126527866,-102.88812004458934,69.19391021689427,18.1816561801528,0.2026,-0.782,0.5678,0.158
171,1850222.0,1047.482086,1.0,-5.04,-1.62,-7.5,-9.38,-1.0,36.19,1.19,-11.31,-1.12,0.13188532015589782,-0.8732563627352103,0.6690338126527866,-102.88812004458934,69.19391021689427,18.1816561801528,0.2026,-0.782,0.5678,0.158
172,1850257.0,1047.489358,1.0,-4.71,-1.67,-8.04,-8.56,-1.0,34.5,3.19,-1.88,-0.06,0.28716732911153803,-0.315700856233909,0.34977589200511083,-102.81460845539635,69.17998997689496,18.274501601194086,0.204,-0.7816,0.5677,0.1588
173,1850257.0,1047.489358,1.0,-4.71,-1.67,-8.04,-8.56,-1.0,34.5,3.19,-1.88,-0.06,0.28716732911153803,-0.315700856233909,0.34977589200511083,-102.81460845539635,69.17998997689496,18.274501601194086,0.204,-0.7816,0.5677,0.1588
174,1850292.0,1047.5073,1.0,-4.46,-1.15,-8.23,-8.19,-1.0,35.25,-1.63,-2.44,2.0,-0.12058496293978738,0.1394039238568756,0.3772796173749704,-102.75951351944929,69.17998997689496,18.35575126897081,0.2043,-0.7813,0.5677,0.1595
175,1850292.0,1047.5073,1.0,-4.46,-1.15,-8.23,-8.19,-1.0,35.25,-1.63,-2.44,2.0,-0.12058496293978738,0.1394039238568756,0.3772796173749704,-102.75951351944929,69.17998997689496,18.35575126897081,0.2043,-0.7813,0.5677,0.1595
176,1850329.0,1047.510924,1.0,-4.57,-1.63,-8.26,-8.19,-0.69,36.19,1.06,-4.06,1.75,0.3029565278801209,-0.0418802007903728,0.23189865121831946,-102.66776223181776,69.207831623394,18.42540124877966,0.2054,-0.7808,0.5679,0.1601
177,1850329.0,1047.510924,1.0,-4.57,-1.63,-8.26,-8.19,-0.69,36.19,1.06,-4.06,1.75,0.3029565278801209,-0.0418802007903728,0.23189865121831946,-102.66776223181776,69.207831623394,18.42540124877966,0.2054,-0.7808,0.5679,0.1601
178,1850363.0,1047.550387,1.0,-4.99,-1.65,-7.96,-8.19,-0.69,36.19,-1.56,-6.88,1.19,0.2047249782627492,-0.5128118036642582,0.28408145273829,-102.5761026611454,69.207831623394,18.599556301853195,0.2062,-0.7803,0.5679,0.1616
179,1850363.0,1047.550387,1.0,-4.99,-1.65,-7.96,-8.19,-0.69,36.19,-1.56,-6.88,1.19,0.2047249782627492,-0.5128118036642582,0.28408145273829,-102.5761026611454,69.207831623394,18.599556301853195,0.2062,-0.7803,0.5679,0.1616
180,1850398.0,1047.607588,1.0,-5.28,-1.49,-7.68,-8.56,0.5,36.19,-2.88,-8.31,1.31,-0.010531813571673654,-0.7993630155019444,0.4022995253340067,-102.48453447446366,69.12432067193492,18.93637938388069,0.2072,-0.7798,0.5673,0.1645
181,1850398.0,1047.607588,1.0,-5.28,-1.49,-7.68,-8.56,0.5,36.19,-2.88,-8.31,1.31,-0.010531813571673654,-0.7993630155019444,0.4022995253340067,-102.48453447446366,69.12432067193492,18.93637938388069,0.2072,-0.7798,0.5673,0.1645
182,1850435.0,1047.625117,1.0,-5.15,-1.7,-8.13,-7.06,-1.0,37.0,-0.31,-1.25,0.88,0.252578587522714,-0.5081405926987462,0.05024711803695325,-102.42963728896295,69.13823625091533,19.040944126019852,0.2073,-0.7795,0.5674,0.1654
183,1850435.0,1047.625117,1.0,-5.15,-1.7,-8.13,-7.06,-1.0,37.0,-0.31,-1.25,0.88,0.252578587522714,-0.5081405926987462,0.05024711803695325,-102.42963728896295,69.13823625091533,19.040944126019852,0.2073,-0.7795,0.5674,0.1654
184,1850470.0,1047.6280279999999,1.0,-5.06,-1.72,-8.35,-7.06,-1.0,37.0,2.63,-1.19,0.69,0.3040731712659157,-0.3167556742315082,-0.09747567314038186,-102.35649190819592,69.17998997689496,19.06418290551579,0.2078,-0.7791,0.5677,0.1656
185,1850470.0,1047.6280279999999,1.0,-5.06,-1.72,-8.35,-7.06,-1.0,37.0,2.63,-1.19,0.69,0.3040731712659157,-0.3167556742315082,-0.09747567314038186,-102.35649190819592,69.17998997689496,19.06418290551579,0.2078,-0.7791,0.5677,0.1656
186,1850505.0,1047.667225,1.0,-5.12,-1.7,-8.63,-7.88,-0.25,34.5,1.31,-4.63,1.75,0.27742552835579737,-0.1822508455734967,-0.3654254866204294,-102.22862690361036,69.207831623394,19.180388694494322,0.2091,-0.7784,0.5679,0.1666
187,1850505.0,1047.667225,1.0,-5.12,-1.7,-8.63,-7.88,-0.25,34.5,1.31,-4.63,1.75,0.27742552835579737,-0.1822508455734967,-0.3654254866204294,-102.22862690361036,69.207831623394,19.180388694494322,0.2091,-0.7784,0.5679,0.1666
188,1850540.0,1047.735856,1.0,-5.43,-1.5,-7.85,-8.19,0.5,37.38,0.44,-8.19,2.63,-0.0030306936087465264,-0.7371187497325982,0.17264528940903467,-102.08271174423224,69.207831623394,19.42448582735805,0.2104,-0.7776,0.5679,0.1687
189,1850540.0,1047.735856,1.0,-5.43,-1.5,-7.85,-8.19,0.5,37.38,0.44,-8.19,2.63,-0.0030306936087465264,-0.7371187497325982,0.17264528940903467,-102.08271174423224,69.207831623394,19.42448582735805,0.2104,-0.7776,0.5679,0.1687
190,1850576.0,1047.821373,1.0,-5.26,-1.41,-8.11,-8.19,0.5,37.38,0.75,-3.38,3.44,-0.026642809196734785,-0.4087788291941719,0.04652756073107689,-101.91883135691955,69.29138458685418,19.52912606682039,0.2117,-0.7767,0.5685,0.1696
191,1850576.0,1047.821373,1.0,-5.26,-1.41,-8.11,-8.19,0.5,37.38,0.75,-3.38,3.44,-0.026642809196734785,-0.4087788291941719,0.04652756073107689,-101.91883135691955,69.29138458685418,19.52912606682039,0.2117,-0.7767,0.5685,0.1696
192,1850609.0,1047.833591,1.0,-4.65,-1.55,-8.66,-7.5,-0.69,36.19,1.69,0.0,3.31,0.2985198010455574,0.3477733210732621,-0.13369907060780228,-101.80973815523876,69.36104422677951,19.54075377357945,0.2123,-0.7761,0.569,0.1697
193,1850609.0,1047.833591,1.0,-4.65,-1.55,-8.66,-7.5,-0.69,36.19,1.69,0.0,3.31,0.2985198010455574,0.3477733210732621,-0.13369907060780228,-101.80973815523876,69.36104422677951,19.54075377357945,0.2123,-0.7761,0.569,0.1697
194,1850644.0,1047.936547,1.0,-4.75,-0.71,-8.11,-7.5,0.06,37.0,-3.31,-7.19,4.5,-0.5162628543176836,0.2295805413440083,0.3981716192899736,-101.6281995958626,69.44467449288967,19.773350749034485,0.2128,-0.7751,0.5696,0.1717
195,1850644.0,1047.936547,1.0,-4.75,-0.71,-8.11,-7.5,0.06,37.0,-3.31,-7.19,4.5,-0.5162628543176836,0.2295805413440083,0.3981716192899736,-101.6281995958626,69.44467449288967,19.773350749034485,0.2128,-0.7751,0.5696,0.1717
196,1850681.0,1047.9908300000002,1.0,-4.91,-1.24,-7.89,-6.38,-0.69,37.38,-0.31,-10.63,0.44,-0.05387093867285775,-0.11185177027937833,0.43208936477810944,-101.53756251878842,69.40285407677956,19.95948754584176,0.2143,-0.7746,0.5693,0.1733
197,1850681.0,1047.9908300000002,1.0,-4.91,-1.24,-7.89,-6.38,-0.69,37.38,-0.31,-10.63,0.44,-0.05387093867285775,-0.11185177027937833,0.43208936477810944,-101.53756251878842,69.40285407677956,19.95948754584176,0.2143,-0.7746,0.5693,0.1733
198,1850714.0,1047.999168,1.0,-5.29,-1.5,-7.6,-6.38,-0.69,37.38,3.31,-7.06,0.94,0.08474386401120104,-0.5879347517849651,0.4449593831746412,-101.41081790768305,69.34710995579182,20.180594156388953,0.2162,-0.7739,0.5689,0.1752
199,1850714.0,1047.999168,1.0,-5.29,-1.5,-7.6,-6.38,-0.69,37.38,3.31,-7.06,0.94,0.08474386401120104,-0.5879347517849651,0.4449593831746412,-101.41081790768305,69.34710995579182,20.180594156388953,0.2162,-0.7739,0.5689,0.1752
200,1850750.0,1048.001956,1.0,-5.32,-1.23,-7.5,-6.69,0.5,37.75,-5.38,-5.06,1.19,-0.166132585411066,-0.5709610551147691,0.5485884622045827,-101.35655120840237,69.31924492932319,20.366848065448238,0.2166,-0.7736,0.5687,0.1768
201,1850750.0,1048.001956,1.0,-5.32,-1.23,-7.5,-6.69,0.5,37.75,-5.38,-5.06,1.19,-0.166132585411066,-0.5709610551147691,0.5485884622045827,-101.35655120840237,69.31924492932319,20.366848065448238,0.2166,-0.7736,0.5687,0.1768
202,1850787.0,1048.0380109999999,1.0,-5.18,-1.36,-7.53,-6.69,-0.69,37.75,0.25,1.12,-1.31,0.003641794943125553,-0.4741635489599119,0.5785377517572758,-101.37463662093218,69.29138458685418,20.401776712875193,0.2165,-0.7737,0.5685,0.1771
203,1850787.0,1048.0380109999999,1.0,-5.18,-1.36,-7.53,-6.69,-0.69,37.75,0.25,1.12,-1.31,0.003641794943125553,-0.4741635489599119,0.5785377517572758,-101.37463662093218,69.29138458685418,20.401776712875193,0.2165,-0.7737,0.5685,0.1771
204,1850822.0,1048.087693,1.0,-5.18,-1.33,-7.61,-6.69,-0.69,37.75,0.44,-2.69,2.25,-0.015738490356504542,-0.4147617014804682,0.5146574778922481,-101.32039083270723,69.31924492932319,20.459995384570266,0.2167,-0.7734,0.5687,0.1776
205,1850822.0,1048.087693,1.0,-5.18,-1.33,-7.61,-6.69,-0.69,37.75,0.44,-2.69,2.25,-0.015738490356504542,-0.4147617014804682,0.5146574778922481,-101.32039083270723,69.31924492932319,20.459995384570266,0.2167,-0.7734,0.5687,0.1776
206,1850855.0,1048.099812,1.0,-5.34,-1.44,-7.61,-6.69,-0.69,35.69,-0.81,-0.81,1.31,0.050406621293603404,-0.5657306293471496,0.4162981414406897,-101.26617635567743,69.36104422677951,20.506574164810864,0.2168,-0.7731,0.569,0.17800000000000002
207,1850855.0,1048.099812,1.0,-5.34,-1.44,-7.61,-6.69,-0.69,35.69,-0.81,-0.81,1.31,0.050406621293603404,-0.5657306293471496,0.4162981414406897,-101.26617635567743,69.36104422677951,20.506574164810864,0.2168,-0.7731,0.569,0.17800000000000002
208,1850892.0,1048.108498,1.0,-5.21,-1.68,-7.82,-5.19,-0.25,37.0,0.25,0.63,-0.81,0.3195545592362026,-0.4005672999387157,0.27479127665064595,-101.23005073336391,69.33317685680693,20.518219394705007,0.2173,-0.7729,0.5688,0.1781
209,1850892.0,1048.108498,1.0,-5.21,-1.68,-7.82,-5.19,-0.25,37.0,0.25,0.63,-0.81,0.3195545592362026,-0.4005672999387157,0.27479127665064595,-101.23005073336391,69.33317685680693,20.518219394705007,0.2173,-0.7729,0.5688,0.1781
210,1850927.0,1048.150662,1.0,-5.26,-1.28,-7.84,-5.19,-0.25,37.0,-0.56,1.25,2.25,-0.07446225369435866,-0.3271348499568739,0.28514601361641745,-101.19393897809708,69.38891628677108,20.518219394705007,0.2173,-0.7727,0.5692,0.1781
211,1850927.0,1048.150662,1.0,-5.26,-1.28,-7.84,-5.19,-0.25,37.0,-0.56,1.25,2.25,-0.07446225369435866,-0.3271348499568739,0.28514601361641745,-101.19393897809708,69.38891628677108,20.518219394705007,0.2173,-0.7727,0.5692,0.1781
212,1850961.0,1048.168838,1.0,-5.32,-1.5,-7.94,-6.69,-0.25,37.0,-1.19,-1.37,1.88,0.1193184169972723,-0.3613988554058453,0.13963629448180548,-101.12175699059144,69.40285407677956,20.55315637010219,0.2181,-0.7723,0.5693,0.1784
213,1850961.0,1048.168838,1.0,-5.32,-1.5,-7.94,-6.69,-0.25,37.0,-1.19,-1.37,1.88,0.1193184169972723,-0.3613988554058453,0.13963629448180548,-101.12175699059144,69.40285407677956,20.55315637010219,0.2181,-0.7723,0.5693,0.1784
214,1850996.0,1048.171976,1.0,-5.32,-1.67,-7.91,-6.69,-0.25,36.56,-0.94,-0.56,1.25,0.28246967219192665,-0.39841876002395815,0.14120260342529356,-101.06765675595229,69.38891628677108,20.63468349632429,0.21899999999999997,-0.772,0.5692,0.1791
215,1850996.0,1048.171976,1.0,-5.32,-1.67,-7.91,-6.69,-0.25,36.56,-0.94,-0.56,1.25,0.28246967219192665,-0.39841876002395815,0.14120260342529356,-101.06765675595229,69.38891628677108,20.63468349632429,0.21899999999999997,-0.772,0.5692,0.1791
216,1851031.0,1048.209901,1.0,-5.07,-1.05,-7.81,-6.0,-1.0,37.0,0.75,3.75,2.25,-0.2336156764146597,-0.10490503924639216,0.4397978794381512,-101.03160716122223,69.47256064706727,20.623036118505983,0.2184,-0.7718,0.5698,0.179
217,1851031.0,1048.209901,1.0,-5.07,-1.05,-7.81,-6.0,-1.0,37.0,0.75,3.75,2.25,-0.2336156764146597,-0.10490503924639216,0.4397978794381512,-101.03160716122223,69.47256064706727,20.623036118505983,0.2184,-0.7718,0.5698,0.179
218,1851066.0,1048.216451,1.0,-4.85,-1.13,-8.15,-6.0,-1.0,37.0,-1.75,-1.44,0.75,-0.0806378367908307,0.23055429443233666,0.2587579679022074,-101.01358752510708,69.4865054886989,20.623036118505983,0.2181,-0.7717,0.5699,0.179
219,1851066.0,1048.216451,1.0,-4.85,-1.13,-8.15,-6.0,-1.0,37.0,-1.75,-1.44,0.75,-0.0806378367908307,0.23055429443233666,0.2587579679022074,-101.01358752510708,69.4865054886989,20.623036118505983,0.2181,-0.7717,0.5699,0.179
220,1851101.0,1048.272931,1.0,-4.98,-1.23,-7.2,-6.69,-0.69,37.0,0.56,1.88,-2.06,-0.052158874684302685,-0.4139996050803876,0.9760676987706542,-101.06765675595229,69.44467449288967,20.611388956075047,0.2181,-0.772,0.5696,0.1789
221,1851101.0,1048.272931,1.0,-4.98,-1.23,-7.2,-6.69,-0.69,37.0,0.56,1.88,-2.06,-0.052158874684302685,-0.4139996050803876,0.9760676987706542,-101.06765675595229,69.44467449288967,20.611388956075047,0.2181,-0.772,0.5696,0.1789
222,1851138.0,1048.288675,1.0,-4.96,-0.95,-6.85,-6.0,0.06,37.25,-1.25,17.0,-2.5,-0.3487305414084716,-0.5915786219882104,1.3240194089925463,-101.32039083270723,69.4865054886989,20.192233442293944,0.2154,-0.7734,0.5699,0.1753
223,1851138.0,1048.288675,1.0,-4.96,-0.95,-6.85,-6.0,0.06,37.25,-1.25,17.0,-2.5,-0.3487305414084716,-0.5915786219882104,1.3240194089925463,-101.32039083270723,69.4865054886989,20.192233442293944,0.2154,-0.7734,0.5699,0.1753
224,1851172.0,1048.339235,1.0,-4.6,-0.79,-7.74,-6.0,0.06,37.25,-4.13,11.69,-5.44,-0.3918851112570174,0.1406484813189709,0.7778990307751991,-101.59193421891216,69.45861698196556,19.854779083760317,0.2126,-0.7749,0.5697,0.1724
225,1851172.0,1048.339235,1.0,-4.6,-0.79,-7.74,-6.0,0.06,37.25,-4.13,11.69,-5.44,-0.3918851112570174,0.1406484813189709,0.7778990307751991,-101.59193421891216,69.45861698196556,19.854779083760317,0.2126,-0.7749,0.5697,0.1724
226,1851205.0,1048.428742,1.0,-5.14,-1.57,-7.53,-6.69,-0.69,37.75,-1.31,7.5,-7.75,0.16260011782217074,-0.6550401782801534,0.5800643061193558,-101.95522422355891,69.24960284688514,19.622153417094765,0.2112,-0.7769,0.5682,0.1704
227,1851205.0,1048.428742,1.0,-5.14,-1.57,-7.53,-6.69,-0.69,37.75,-1.31,7.5,-7.75,0.16260011782217074,-0.6550401782801534,0.5800643061193558,-101.95522422355891,69.24960284688514,19.622153417094765,0.2112,-0.7769,0.5682,0.1704
228,1851242.0,1048.465557,1.0,-5.1,-1.44,-7.74,-6.69,-1.0,37.38,-4.25,13.88,-5.38,0.037345980699252664,-0.5456959978953055,0.4422481955275615,-102.22862690361036,69.1660709028975,19.33148601143644,0.2087,-0.7784,0.5676,0.1679
229,1851242.0,1048.465557,1.0,-5.1,-1.44,-7.74,-6.69,-1.0,37.38,-4.25,13.88,-5.38,0.037345980699252664,-0.5456959978953055,0.4422481955275615,-102.22862690361036,69.1660709028975,19.33148601143644,0.2087,-0.7784,0.5676,0.1679
230,1851279.0,1048.5663539999998,1.0,-4.97,-1.52,-8.18,-8.19,-1.0,36.56,-4.38,14.19,-5.44,0.14821264713014126,-0.3307886168863028,0.12200690372799095,-102.63108741620243,69.082580917068,18.982850632783478,0.205,-0.7806,0.5670000000000001,0.1649
231,1851279.0,1048.5663539999998,1.0,-4.97,-1.52,-8.18,-8.19,-1.0,36.56,-4.38,14.19,-5.44,0.14821264713014126,-0.3307886168863028,0.12200690372799095,-102.63108741620243,69.082580917068,18.982850632783478,0.205,-0.7806,0.5670000000000001,0.1649
232,1851312.0,1048.576352,1.0,-4.93,-1.38,-8.39,-8.19,-1.0,36.56,-2.5,16.06,-4.56,0.016703406126088668,-0.22881749206006896,-0.01927303814512626,-102.88812004458934,69.05476022725051,18.68084346973021,0.2023,-0.782,0.5668,0.1623
233,1851312.0,1048.576352,1.0,-4.93,-1.38,-8.39,-8.19,-1.0,36.56,-2.5,16.06,-4.56,0.016703406126088668,-0.22881749206006896,-0.01927303814512626,-102.88812004458934,69.05476022725051,18.68084346973021,0.2023,-0.782,0.5668,0.1623
234,1851348.0,1048.660993,1.0,-4.89,-1.14,-8.35,-8.56,-1.0,37.38,-3.13,13.06,-6.06,-0.2222554155005545,-0.24197398645416024,0.06877286377774539,-103.27503144100895,68.94352388945018,18.30932175034793,0.1989,-0.7841,0.5660000000000001,0.1591
235,1851348.0,1048.660993,1.0,-4.89,-1.14,-8.35,-8.56,-1.0,37.38,-3.13,13.06,-6.06,-0.2222554155005545,-0.24197398645416024,0.06877286377774539,-103.27503144100895,68.94352388945018,18.30932175034793,0.1989,-0.7841,0.5660000000000001,0.1591
236,1851383.0,1048.672463,1.0,-4.79,-1.13,-8.69,-9.0,-1.37,36.56,-3.0,13.0,-7.69,-0.20863312598768505,-0.05050101029713972,-0.17788914142759005,-103.55241005030376,68.83236163614916,18.06561632088332,0.1967,-0.7856,0.5652,0.157
237,1851383.0,1048.672463,1.0,-4.79,-1.13,-8.69,-9.0,-1.37,36.56,-3.0,13.0,-7.69,-0.20863312598768505,-0.05050101029713972,-0.17788914142759005,-103.55241005030376,68.83236163614916,18.06561632088332,0.1967,-0.7856,0.5652,0.157
238,1851418.0,1048.6755660000001,1.0,-4.68,-1.72,-8.85,-9.0,-1.37,36.56,0.56,6.5,-7.19,0.3514799622309841,-0.1042101298397704,-0.34465051200282737,-103.90498509276027,68.63800520067792,17.763999776816537,0.1954,-0.7875,0.5638,0.1544
239,1851418.0,1048.6755660000001,1.0,-4.68,-1.72,-8.85,-9.0,-1.37,36.56,0.56,6.5,-7.19,0.3514799622309841,-0.1042101298397704,-0.34465051200282737,-103.90498509276027,68.63800520067792,17.763999776816537,0.1954,-0.7875,0.5638,0.1544
240,1851453.0,1048.717465,1.0,-4.71,-1.5,-8.49,-9.0,-1.37,36.19,-5.5,6.5,-5.94,0.11838780563730801,-0.2740929429729849,-0.012976132704277887,-104.14702125080771,68.47159291816318,17.659623057349798,0.1939,-0.7888,0.5626,0.1535
241,1851453.0,1048.717465,1.0,-4.71,-1.5,-8.49,-9.0,-1.37,36.19,-5.5,6.5,-5.94,0.11838780563730801,-0.2740929429729849,-0.012976132704277887,-104.14702125080771,68.47159291816318,17.659623057349798,0.1939,-0.7888,0.5626,0.1535
242,1851490.0,1048.771477,1.0,-4.55,-1.41,-8.29,-9.69,-1.37,37.38,-0.69,11.88,-6.5,0.051607502939085885,-0.2757285864747253,0.2496624823644833,-104.48323564898183,68.33304155520281,17.346581127291525,0.1918,-0.7906,0.5616,0.1508
243,1851490.0,1048.771477,1.0,-4.55,-1.41,-8.29,-9.69,-1.37,37.38,-0.69,11.88,-6.5,0.051607502939085885,-0.2757285864747253,0.2496624823644833,-104.48323564898183,68.33304155520281,17.346581127291525,0.1918,-0.7906,0.5616,0.1508
244,1851525.0,1048.778066,1.0,-4.47,-1.46,-8.27,-9.69,-1.37,37.38,-2.5,12.38,-6.31,0.10213706451438044,-0.2901582290293909,0.2981918588406831,-104.76439020470757,68.22228228779733,17.080018727926856,0.1899,-0.7921,0.5608,0.1485
245,1851525.0,1048.778066,1.0,-4.47,-1.46,-8.27,-9.69,-1.37,37.38,-2.5,12.38,-6.31,0.10213706451438044,-0.2901582290293909,0.2981918588406831,-104.76439020470757,68.22228228779733,17.080018727926856,0.1899,-0.7921,0.5608,0.1485
246,1851557.0,1048.834437,1.0,-4.39,-1.56,-8.35,-9.0,-1.37,36.19,-2.31,9.63,-5.88,0.18301913644620996,-0.2749548603396351,0.2505470379934653,-105.04644280430534,68.09776471776088,16.709303811577858,0.1885,-0.7936,0.5599,0.1453
247,1851557.0,1048.834437,1.0,-4.39,-1.56,-8.35,-9.0,-1.37,36.19,-2.31,9.63,-5.88,0.18301913644620996,-0.2749548603396351,0.2505470379934653,-105.04644280430534,68.09776471776088,16.709303811577858,0.1885,-0.7936,0.5599,0.1453
248,1851592.0,1048.853388,1.0,-4.49,-1.44,-8.2,-10.06,-0.69,35.75,-3.25,6.5,-5.56,0.018854399718661208,-0.41532403558311104,0.3567372778063049,-105.27273844868162,67.94570061664109,16.59349169701811,0.1877,-0.7948,0.5588,0.1443
249,1851592.0,1048.853388,1.0,-4.49,-1.44,-8.2,-10.06,-0.69,35.75,-3.25,6.5,-5.56,0.018854399718661208,-0.41532403558311104,0.3567372778063049,-105.27273844868162,67.94570061664109,16.59349169701811,0.1877,-0.7948,0.5588,0.1443
250,1851629.0,1048.8562960000002,1.0,-4.33,-1.36,-8.33,-10.06,-1.37,35.75,-2.25,10.69,-4.5,-0.02559955790591384,-0.2531276628671002,0.3238934888938285,-105.55643382820686,67.82138560708218,16.315612011260463,0.1859,-0.7963,0.5579,0.1419
251,1851629.0,1048.8562960000002,1.0,-4.33,-1.36,-8.33,-10.06,-1.37,35.75,-2.25,10.69,-4.5,-0.02559955790591384,-0.2531276628671002,0.3238934888938285,-105.55643382820686,67.82138560708218,16.315612011260463,0.1859,-0.7963,0.5579,0.1419
252,1851662.0,1048.8951880000002,1.0,-4.35,-1.44,-8.4,-10.06,-1.37,35.75,-4.81,7.81,-3.31,0.022277748469013536,-0.3086927793989539,0.2431614905767727,-105.746078748701,67.75236088092288,16.072546557241562,0.1845,-0.7973,0.5574,0.1398
253,1851662.0,1048.8951880000002,1.0,-4.35,-1.44,-8.4,-10.06,-1.37,35.75,-4.81,7.81,-3.31,0.022277748469013536,-0.3086927793989539,0.2431614905767727,-105.746078748701,67.75236088092288,16.072546557241562,0.1845,-0.7973,0.5574,0.1398
254,1851699.0,1048.911008,1.0,-4.31,-1.32,-8.42,-10.06,-2.19,36.56,-1.5,11.06,-4.06,-0.085960411754048,-0.2942389939854295,0.2609214148143977,-106.03132620370606,67.64197933171232,15.841123321226055,0.1818,-0.7988,0.5566,0.1378
255,1851699.0,1048.911008,1.0,-4.31,-1.32,-8.42,-10.06,-2.19,36.56,-1.5,11.06,-4.06,-0.085960411754048,-0.2942389939854295,0.2609214148143977,-106.03132620370606,67.64197933171232,15.841123321226055,0.1818,-0.7988,0.5566,0.1378
256,1851734.0,1048.913982,1.0,-4.11,-1.37,-8.49,-10.5,-2.19,35.75,-2.25,13.06,-4.88,0.006686562094048276,-0.16365666315318014,0.2765780282626995,-106.24110823664705,67.58681526824894,15.563501157916,0.1802,-0.7999,0.5562,0.1354
257,1851734.0,1048.913982,1.0,-4.11,-1.37,-8.49,-10.5,-2.19,35.75,-2.25,13.06,-4.88,0.006686562094048276,-0.16365666315318014,0.2765780282626995,-106.24110823664705,67.58681526824894,15.563501157916,0.1802,-0.7999,0.5562,0.1354
258,1851768.0,1048.969416,1.0,-3.96,-1.04,-8.72,-10.5,-2.19,35.75,-4.06,7.75,-4.88,-0.2629729411917269,0.09488879618639677,0.17734881307271164,-106.56632775318519,67.47654041370244,15.274409087771584,0.1774,-0.8016,0.5554,0.1329
259,1851768.0,1048.969416,1.0,-3.96,-1.04,-8.72,-10.5,-2.19,35.75,-4.06,7.75,-4.88,-0.2629729411917269,0.09488879618639677,0.17734881307271164,-106.56632775318519,67.47654041370244,15.274409087771584,0.1774,-0.8016,0.5554,0.1329
260,1851803.0,1048.973829,1.0,-4.19,-1.5,-8.57,-10.06,-2.19,35.0,1.19,6.38,-6.19,0.059134168284621265,-0.34393360851694144,0.156302191600874,-106.77742482625295,67.32502809337325,15.066323443247011,0.1766,-0.8027,0.5543,0.1311
261,1851803.0,1048.973829,1.0,-4.19,-1.5,-8.57,-10.06,-2.19,35.0,1.19,6.38,-6.19,0.059134168284621265,-0.34393360851694144,0.156302191600874,-106.77742482625295,67.32502809337325,15.066323443247011,0.1766,-0.8027,0.5543,0.1311
262,1851840.0,1049.028629,1.0,-4.17,-1.36,-8.57,-11.19,-2.19,36.19,-3.13,10.31,-7.63,-0.08963819136141005,-0.33953719468069204,0.1858350923075225,-107.12399034350571,67.13238693393745,14.800508833176535,0.1746,-0.8045,0.5529,0.1288
263,1851840.0,1049.028629,1.0,-4.17,-1.36,-8.57,-11.19,-2.19,36.19,-3.13,10.31,-7.63,-0.08963819136141005,-0.33953719468069204,0.1858350923075225,-107.12399034350571,67.13238693393745,14.800508833176535,0.1746,-0.8045,0.5529,0.1288
264,1851875.0,1049.070828,1.0,-3.99,-1.64,-9.04,-11.19,-2.19,36.19,-1.0,7.13,-4.63,0.22626977860749764,-0.12322550256663845,-0.20658711208348807,-107.35582470459705,67.02240272652745,14.61564163128423,0.1732,-0.8057,0.5521,0.1272
265,1851875.0,1049.070828,1.0,-3.99,-1.64,-9.04,-11.19,-2.19,36.19,-1.0,7.13,-4.63,0.22626977860749764,-0.12322550256663845,-0.20658711208348807,-107.35582470459705,67.02240272652745,14.61564163128423,0.1732,-0.8057,0.5521,0.1272
266,1851910.0,1049.090278,1.0,-4.16,-1.59,-8.95,-11.19,-3.69,35.0,-3.5,5.88,-4.44,0.10800031643646603,-0.3288872258296879,-0.1841642373049659,-107.58829882460172,66.87128845427674,14.477016351828802,0.1716,-0.8069,0.551,0.126
267,1851910.0,1049.090278,1.0,-4.16,-1.59,-8.95,-11.19,-3.69,35.0,-3.5,5.88,-4.44,0.10800031643646603,-0.3288872258296879,-0.1841642373049659,-107.58829882460172,66.87128845427674,14.477016351828802,0.1716,-0.8069,0.551,0.126
268,1851944.0,1049.093378,1.0,-4.05,-1.58,-8.92,-10.06,-2.5,35.25,-2.81,5.75,-2.06,0.1259211939759789,-0.2654996893002022,-0.11196652489343427,-107.72420666963673,66.78891793624743,14.373061379793723,0.171,-0.8076,0.5504,0.1251
269,1851944.0,1049.093378,1.0,-4.05,-1.58,-8.92,-10.06,-2.5,35.25,-2.81,5.75,-2.06,0.1259211939759789,-0.2654996893002022,-0.11196652489343427,-107.72420666963673,66.78891793624743,14.373061379793723,0.171,-0.8076,0.5504,0.1251
270,1851979.0,1049.129307,1.0,-3.92,-1.55,-9.14,-11.19,-2.88,34.5,-3.69,3.56,-1.88,0.14273270477423772,-0.08795833900868633,-0.2571659117497127,-107.86033561317936,66.72030564497379,14.257569796129179,0.1697,-0.8083,0.5499,0.1241
271,1851979.0,1049.129307,1.0,-3.92,-1.55,-9.14,-11.19,-2.88,34.5,-3.69,3.56,-1.88,0.14273270477423772,-0.08795833900868633,-0.2571659117497127,-107.86033561317936,66.72030564497379,14.257569796129179,0.1697,-0.8083,0.5499,0.1241
272,1852014.0,1049.1351789999999,1.0,-3.96,-1.7,-8.81,-11.19,-2.88,34.5,-3.0,1.69,-1.63,0.2684094356621146,-0.3146755246118915,0.007842129189503666,-107.95770664544784,66.65172039063913,14.280666944469896,0.1692,-0.8088,0.5494,0.1243
273,1852014.0,1049.1351789999999,1.0,-3.96,-1.7,-8.81,-11.19,-2.88,34.5,-3.0,1.69,-1.63,0.2684094356621146,-0.3146755246118915,0.007842129189503666,-107.95770664544784,66.65172039063913,14.280666944469896,0.1692,-0.8088,0.5494,0.1243
274,1852051.0,1049.302164,1.0,-3.73,-1.41,-8.83,-11.19,-2.5,35.25,-3.06,7.13,0.56,0.09049771981420017,-0.04887801238479417,0.11854796179800076,-107.99668693087187,66.69286830197329,14.199829470388696,0.1675,-0.809,0.5497,0.1236
275,1852051.0,1049.302164,1.0,-3.73,-1.41,-8.83,-11.19,-2.5,35.25,-3.06,7.13,0.56,0.09049771981420017,-0.04887801238479417,0.11854796179800076,-107.99668693087187,66.69286830197329,14.199829470388696,0.1675,-0.809,0.5497,0.1236
276,1852086.0,1049.35501,1.0,-3.7,-1.22,-8.47,-12.25,-3.25,33.25,-2.69,4.0,0.19,-0.07589568063369989,-0.1340621674154724,0.484870814622937,-108.05519160220844,66.72030564497379,14.130545861300053,0.1661,-0.8093,0.5499,0.12300000000000001
277,1852086.0,1049.35501,1.0,-3.7,-1.22,-8.47,-12.25,-3.25,33.25,-2.69,4.0,0.19,-0.07589568063369989,-0.1340621674154724,0.484870814622937,-108.05519160220844,66.72030564497379,14.130545861300053,0.1661,-0.8093,0.5499,0.12300000000000001
278,1852121.0,1049.413143,1.0,-3.78,-1.38,-8.36,-12.25,-3.25,33.25,-3.44,9.13,0.0,0.04408477774752284,-0.3461825738121561,0.5351552899783343,-108.15279095507613,66.72030564497379,13.991994191085649,0.16399999999999998,-0.8098,0.5499,0.1218
279,1852121.0,1049.413143,1.0,-3.78,-1.38,-8.36,-12.25,-3.25,33.25,-3.44,9.13,0.0,0.04408477774752284,-0.3461825738121561,0.5351552899783343,-108.15279095507613,66.72030564497379,13.991994191085649,0.16399999999999998,-0.8098,0.5499,0.1218
280,1852155.0,1049.416978,1.0,-3.72,-1.49,-8.37,-11.56,-2.88,35.0,-0.31,10.88,0.5,0.15350310162657255,-0.3652785244092701,0.5352742446227818,-108.21140567428199,66.77519331232165,13.78420515869276,0.1629,-0.8101,0.5503,0.12
281,1852155.0,1049.416978,1.0,-3.72,-1.49,-8.37,-11.56,-2.88,35.0,-0.31,10.88,0.5,0.15350310162657255,-0.3652785244092701,0.5352742446227818,-108.21140567428199,66.77519331232165,13.78420515869276,0.1629,-0.8101,0.5503,0.12
282,1852190.0,1049.48589,1.0,-3.69,-1.28,-8.58,-10.88,-2.88,34.19,-4.38,10.19,-0.63,-0.03672828096377068,-0.26070564336898383,0.383190783719968,-108.34833475115198,66.8300983122929,13.4841456448157,0.1599,-0.8108,0.5507,0.1174
283,1852190.0,1049.48589,1.0,-3.69,-1.28,-8.58,-10.88,-2.88,34.19,-4.38,10.19,-0.63,-0.03672828096377068,-0.26070564336898383,0.383190783719968,-108.34833475115198,66.8300983122929,13.4841456448157,0.1599,-0.8108,0.5507,0.1174
284,1852225.0,1049.530929,1.0,-3.71,-1.31,-8.59,-10.88,-2.88,34.19,-2.13,9.31,1.19,-0.020474347426912898,-0.3248361141525029,0.364067604275844,-108.4070880619203,66.87128845427674,13.322613734970494,0.1583,-0.8111,0.551,0.11599999999999999
285,1852225.0,1049.530929,1.0,-3.71,-1.31,-8.59,-10.88,-2.88,34.19,-2.13,9.31,1.19,-0.020474347426912898,-0.3248361141525029,0.364067604275844,-108.4070880619203,66.87128845427674,13.322613734970494,0.1583,-0.8111,0.551,0.11599999999999999
286,1852258.0,1049.547534,1.0,-3.64,-1.35,-8.98,-12.25,-2.19,34.5,-3.31,13.44,1.19,0.0325760895601922,-0.20130630129079846,0.025499016018123655,-108.46588317577202,66.99491759872723,12.999629346780694,0.1558,-0.8114,0.5519,0.1132
287,1852258.0,1049.547534,1.0,-3.64,-1.35,-8.98,-12.25,-2.19,34.5,-3.31,13.44,1.19,0.0325760895601922,-0.20130630129079846,0.025499016018123655,-108.46588317577202,66.99491759872723,12.999629346780694,0.1558,-0.8114,0.5519,0.1132
288,1852295.0,1049.550457,1.0,-3.72,-1.31,-9.07,-12.69,-2.88,33.75,-3.81,5.13,2.75,-0.030624636274703913,-0.27046879632580434,-0.07997271768610936,-108.50510319404415,67.06363860553823,12.849707716341904,0.1538,-0.8116,0.5524,0.1119
289,1852295.0,1049.550457,1.0,-3.72,-1.31,-9.07,-12.69,-2.88,33.75,-3.81,5.13,2.75,-0.030624636274703913,-0.27046879632580434,-0.07997271768610936,-108.50510319404415,67.06363860553823,12.849707716341904,0.1538,-0.8116,0.5524,0.1119
290,1852332.0,1049.5702039999999,1.0,-3.92,-1.61,-8.9,-12.69,-3.69,34.19,-1.5,8.81,4.75,0.17665754249944465,-0.6507823262155972,-0.027666167205703474,-108.38749898537714,67.26996578520281,12.688278342697654,0.1522,-0.8109999999999999,0.5539,0.1105
291,1852332.0,1049.5702039999999,1.0,-3.92,-1.61,-8.9,-12.69,-3.69,34.19,-1.5,8.81,4.75,0.17665754249944465,-0.6507823262155972,-0.027666167205703474,-108.38749898537714,67.26996578520281,12.688278342697654,0.1522,-0.8109999999999999,0.5539,0.1105
292,1852364.0,1049.592304,1.0,-3.45,-1.31,-9.59,-12.69,-3.69,34.19,-3.06,11.75,3.44,0.07893630817602648,0.031255721316095886,-0.4685381802299151,-108.36791454974384,67.47654041370244,12.434654560583265,0.149,-0.8109,0.5554,0.1083
293,1852364.0,1049.592304,1.0,-3.45,-1.31,-9.59,-12.69,-3.69,34.19,-3.06,11.75,3.44,0.07893630817602648,0.031255721316095886,-0.4685381802299151,-108.36791454974384,67.47654041370244,12.434654560583265,0.149,-0.8109,0.5554,0.1083
294,1852401.0,1049.644059,1.0,-3.62,-1.61,-9.42,-12.69,-3.69,33.0,1.94,4.25,4.5,0.2896287173716017,-0.30967082889864195,-0.403791674276528,-108.28962313901592,67.62818664851126,12.284814782039538,0.1481,-0.8105,0.5565,0.107
295,1852401.0,1049.644059,1.0,-3.62,-1.61,-9.42,-12.69,-3.69,33.0,1.94,4.25,4.5,0.2896287173716017,-0.30967082889864195,-0.403791674276528,-108.28962313901592,67.62818664851126,12.284814782039538,0.1481,-0.8105,0.5565,0.107
296,1852438.0,1049.714326,1.0,-3.55,-1.32,-9.28,-12.69,-3.69,33.0,0.0,5.94,5.5,0.046821161643588516,-0.231403438443582,-0.21370729041129802,-108.11373745608395,67.87662551738967,12.169567773976445,0.147,-0.8096,0.5583,0.106
297,1852438.0,1049.714326,1.0,-3.55,-1.32,-9.28,-12.69,-3.69,33.0,0.0,5.94,5.5,0.046821161643588516,-0.231403438443582,-0.21370729041129802,-108.11373745608395,67.87662551738967,12.169567773976445,0.147,-0.8096,0.5583,0.106
298,1852471.0,1049.767369,1.0,-3.38,-1.0,-9.35,-12.69,-3.69,33.0,-2.31,2.88,5.5,-0.1836502005375752,0.02535497256162822,-0.1839720891998997,-107.99668693087187,68.05627918144376,12.111948910357555,0.146,-0.809,0.5596,0.1055
299,1852471.0,1049.767369,1.0,-3.38,-1.0,-9.35,-12.69,-3.69,33.0,-2.31,2.88,5.5,-0.1836502005375752,0.02535497256162822,-0.1839720891998997,-107.99668693087187,68.05627918144376,12.111948910357555,0.146,-0.809,0.5596,0.1055
300,1852506.0,1049.7705640000001,1.0,-3.27,-1.27,-9.4,-13.38,-2.88,32.56,1.81,4.25,5.13,0.10784081646815956,0.02805143995000969,-0.2259659836316015,-107.82141899407465,68.2776528480455,12.00824269100582,0.1453,-0.8081,0.5612,0.1046
301,1852506.0,1049.7705640000001,1.0,-3.27,-1.27,-9.4,-13.38,-2.88,32.56,1.81,4.25,5.13,0.10784081646815956,0.02805143995000969,-0.2259659836316015,-107.82141899407465,68.2776528480455,12.00824269100582,0.1453,-0.8081,0.5612,0.1046
302,1852542.0,1049.807742,1.0,-3.37,-0.87,-8.93,-13.06,-3.25,33.25,-0.37,2.81,4.25,-0.2952425424912617,-0.10976218274588044,0.22753291624211516,-107.72420666963673,68.41615870880295,11.985198208002226,0.1445,-0.8076,0.5622,0.1044
303,1852542.0,1049.807742,1.0,-3.37,-0.87,-8.93,-13.06,-3.25,33.25,-0.37,2.81,4.25,-0.2952425424912617,-0.10976218274588044,0.22753291624211516,-107.72420666963673,68.41615870880295,11.985198208002226,0.1445,-0.8076,0.5622,0.1044
304,1852577.0,1049.819226,1.0,-3.08,-1.31,-9.11,-13.06,-3.25,33.25,0.69,5.56,2.94,0.21046769477929692,0.04435988352462783,0.10364347881349012,-107.64651805195676,68.54091135463743,11.858462221253813,0.14400000000000002,-0.8072,0.5631,0.1033
305,1852577.0,1049.819226,1.0,-3.08,-1.31,-9.11,-13.06,-3.25,33.25,0.69,5.56,2.94,0.21046769477929692,0.04435988352462783,0.10364347881349012,-107.64651805195676,68.54091135463743,11.858462221253813,0.14400000000000002,-0.8072,0.5631,0.1033
306,1852610.0,1049.826077,1.0,-3.25,-1.01,-8.91,-14.19,-3.25,31.25,2.13,3.0,3.0,-0.12223697164425695,-0.0964811397804406,0.27006520708645354,-107.5107359806462,68.70739234130575,11.812380025110386,0.1431,-0.8065,0.5643,0.1029
307,1852610.0,1049.826077,1.0,-3.25,-1.01,-8.91,-14.19,-3.25,31.25,2.13,3.0,3.0,-0.12223697164425695,-0.0964811397804406,0.27006520708645354,-107.5107359806462,68.70739234130575,11.812380025110386,0.1431,-0.8065,0.5643,0.1029
308,1852645.0,1049.881512,1.0,-3.32,-0.93,-8.67,-14.56,-2.88,33.0,-3.5,8.88,1.06,-0.22350901929487052,-0.2644087163807064,0.4826845480586552,-107.53011997485687,68.80458261894461,11.628070333672753,0.1411,-0.8066,0.565,0.1013
309,1852645.0,1049.881512,1.0,-3.32,-0.93,-8.67,-14.56,-2.88,33.0,-3.5,8.88,1.06,-0.22350901929487052,-0.2644087163807064,0.4826845480586552,-107.53011997485687,68.80458261894461,11.628070333672753,0.1411,-0.8066,0.565,0.1013
310,1852682.0,1049.9261199999999,1.0,-3.34,-1.23,-8.6,-13.75,-3.25,32.5,4.63,11.5,-0.25,0.031962186947372066,-0.4366169158288348,0.5095082839983718,-107.53011997485687,68.8879335180276,11.397725602729444,0.1403,-0.8066,0.5656,0.0993
311,1852682.0,1049.9261199999999,1.0,-3.34,-1.23,-8.6,-13.75,-3.25,32.5,4.63,11.5,-0.25,0.031962186947372066,-0.4366169158288348,0.5095082839983718,-107.53011997485687,68.8879335180276,11.397725602729444,0.1403,-0.8066,0.5656,0.0993
312,1852717.0,1049.9304619999998,1.0,-2.82,-1.23,-9.63,-13.75,-3.25,32.5,-1.81,15.25,-1.37,0.17442671696755296,0.2815241999085858,-0.2974342952379292,-107.66593345101973,68.92962456147485,10.937173775974523,0.1377,-0.8073,0.5659,0.0953
313,1852717.0,1049.9304619999998,1.0,-2.82,-1.23,-9.63,-13.75,-3.25,32.5,-1.81,15.25,-1.37,0.17442671696755296,0.2815241999085858,-0.2974342952379292,-107.66593345101973,68.92962456147485,10.937173775974523,0.1377,-0.8073,0.5659,0.0953
314,1852753.0,1050.026224,1.0,-3.34,-1.28,-9.21,-14.56,-4.0,33.0,-0.69,-3.44,-1.69,0.04862305238567677,-0.3312689758991866,-0.06786247730152084,-107.68535335119316,68.90182937625673,10.971708923508501,0.1377,-0.8074,0.5657,0.0956
315,1852753.0,1050.026224,1.0,-3.34,-1.28,-9.21,-14.56,-4.0,33.0,-0.69,-3.44,-1.69,0.04862305238567677,-0.3312689758991866,-0.06786247730152084,-107.68535335119316,68.90182937625673,10.971708923508501,0.1377,-0.8074,0.5657,0.0956
316,1852788.0,1050.031151,1.0,-3.3,-1.35,-9.13,-13.75,-3.69,33.25,-0.81,4.5,-0.12,0.12641793192735828,-0.3676070026594808,0.012861989322876966,-107.74364009530142,68.90182937625673,10.891128461986716,0.1368,-0.8077,0.5657,0.0949
317,1852788.0,1050.031151,1.0,-3.3,-1.35,-9.13,-13.75,-3.69,33.25,-0.81,4.5,-0.12,0.12641793192735828,-0.3676070026594808,0.012861989322876966,-107.74364009530142,68.90182937625673,10.891128461986716,0.1368,-0.8077,0.5657,0.0949
318,1852823.0,1050.084427,1.0,-2.99,-1.21,-9.52,-13.75,-3.69,33.25,-1.12,4.94,1.06,0.0941870927805918,0.05311503789069383,-0.24436525142129464,-107.72420666963673,68.97132601860129,10.764512919793646,0.1359,-0.8076,0.5662,0.0938
319,1852823.0,1050.084427,1.0,-2.99,-1.21,-9.52,-13.75,-3.69,33.25,-1.12,4.94,1.06,0.0941870927805918,0.05311503789069383,-0.24436525142129464,-107.72420666963673,68.97132601860129,10.764512919793646,0.1359,-0.8076,0.5662,0.0938
320,1852858.0,1050.100786,1.0,-3.04,-0.89,-9.34,-15.25,-3.25,33.0,-3.75,-0.5,1.88,-0.21179901189097106,0.03695640637221387,-0.05352623587885397,-107.72420666963673,68.98522882076507,10.764512919793646,0.1349,-0.8076,0.5663,0.0938
321,1852858.0,1050.100786,1.0,-3.04,-0.89,-9.34,-15.25,-3.25,33.0,-3.75,-0.5,1.88,-0.21179901189097106,0.03695640637221387,-0.05352623587885397,-107.72420666963673,68.98522882076507,10.764512919793646,0.1349,-0.8076,0.5663,0.0938
322,1852893.0,1050.10345,1.0,-2.95,-0.99,-9.25,-14.56,-3.25,33.69,-1.12,2.5,-1.19,-0.09015928342759304,0.04621000250321039,0.047816261315826836,-107.74364009530142,68.98522882076507,10.718474180434589,0.1346,-0.8077,0.5663,0.0934
323,1852893.0,1050.10345,1.0,-2.95,-0.99,-9.25,-14.56,-3.25,33.69,-1.12,2.5,-1.19,-0.09015928342759304,0.04621000250321039,0.047816261315826836,-107.74364009530142,68.98522882076507,10.718474180434589,0.1346,-0.8077,0.5663,0.0934
324,1852930.0,1050.1843609999999,1.0,-2.91,-0.86,-9.36,-14.19,-2.5,33.25,-1.44,1.69,-3.56,-0.1936869487662476,0.14365306862580351,-0.029972853487471692,-107.8992703852027,68.87403881539461,10.706964767003905,0.1337,-0.8085,0.5655,0.0933
325,1852930.0,1050.1843609999999,1.0,-2.91,-0.86,-9.36,-14.19,-2.5,33.25,-1.44,1.69,-3.56,-0.1936869487662476,0.14365306862580351,-0.029972853487471692,-107.8992703852027,68.87403881539461,10.706964767003905,0.1337,-0.8085,0.5655,0.0933
326,1852964.0,1050.238922,1.0,-2.93,-0.77,-9.23,-14.19,-2.5,33.25,-3.0,0.63,-3.75,-0.2846856095773591,0.10902550560141022,0.09697608462941608,-108.01618391845108,68.76292273675115,10.706964767003905,0.1334,-0.8091,0.5647,0.0933
327,1852964.0,1050.238922,1.0,-2.93,-0.77,-9.23,-14.19,-2.5,33.25,-3.0,0.63,-3.75,-0.2846856095773591,0.10902550560141022,0.09697608462941608,-108.01618391845108,68.76292273675115,10.706964767003905,0.1334,-0.8091,0.5647,0.0933
328,1852999.0,1050.2541820000001,1.0,-2.99,-0.97,-9.03,-14.88,-3.69,32.19,1.56,1.44,-5.06,-0.12817207021220056,-0.08218062410913153,0.2463823120407067,-108.19186283336569,68.59638668148234,10.64941932234672,0.1332,-0.81,0.5635,0.0928
329,1852999.0,1050.2541820000001,1.0,-2.99,-0.97,-9.03,-14.88,-3.69,32.19,1.56,1.44,-5.06,-0.12817207021220056,-0.08218062410913153,0.2463823120407067,-108.19186283336569,68.59638668148234,10.64941932234672,0.1332,-0.81,0.5635,0.0928
330,1853034.0,1050.293303,1.0,-3.1,-1.48,-8.98,-13.75,-4.0,32.19,-0.31,4.94,-7.0,0.2919738776301083,-0.3817587498485838,0.2040560008924821,-108.38749898537714,68.43001555142907,10.52282880334764,0.1329,-0.8109999999999999,0.5623,0.0917
331,1853034.0,1050.293303,1.0,-3.1,-1.48,-8.98,-13.75,-4.0,32.19,-0.31,4.94,-7.0,0.2919738776301083,-0.3817587498485838,0.2040560008924821,-108.38749898537714,68.43001555142907,10.52282880334764,0.1329,-0.8109999999999999,0.5623,0.0917
332,1853069.0,1050.3091539999998,1.0,-3.0,-1.42,-9.26,-13.75,-4.0,32.19,-1.69,4.69,-4.38,0.25885518957549936,-0.21803702620299611,-0.024395409621217112,-108.62287531550987,68.26380850791266,10.384744735841707,0.1317,-0.8122,0.5611,0.0905
333,1853069.0,1050.3091539999998,1.0,-3.0,-1.42,-9.26,-13.75,-4.0,32.19,-1.69,4.69,-4.38,0.25885518957549936,-0.21803702620299611,-0.024395409621217112,-108.62287531550987,68.26380850791266,10.384744735841707,0.1317,-0.8122,0.5611,0.0905
334,1853104.0,1050.31196,1.0,-3.02,-1.29,-9.21,-13.75,-3.69,31.69,-0.63,0.37,-2.69,0.11818394505307794,-0.2120637537760095,0.03169928301599079,-108.72114762709059,68.16692984371839,10.327214181692757,0.1318,-0.8127,0.5604,0.09
335,1853104.0,1050.31196,1.0,-3.02,-1.29,-9.21,-13.75,-3.69,31.69,-0.63,0.37,-2.69,0.11818394505307794,-0.2120637537760095,0.03169928301599079,-108.72114762709059,68.16692984371839,10.327214181692757,0.1318,-0.8127,0.5604,0.09
336,1853140.0,1050.320078,1.0,-2.98,-1.21,-9.19,-13.75,-3.69,32.5,-0.44,4.06,-3.94,0.05242440162161066,-0.16862167071078782,0.07169142719233967,-108.87862832095405,68.02862779063561,10.281191618255797,0.1313,-0.8135,0.5594,0.0896
337,1853140.0,1050.320078,1.0,-2.98,-1.21,-9.19,-13.75,-3.69,32.5,-0.44,4.06,-3.94,0.05242440162161066,-0.16862167071078782,0.07169142719233967,-108.87862832095405,68.02862779063561,10.281191618255797,0.1313,-0.8135,0.5594,0.0896
338,1853173.0,1050.35531,1.0,-2.92,-1.35,-9.14,-13.75,-3.69,32.5,-2.19,3.94,-2.44,0.1893376357229325,-0.19500058433409986,0.12085493548370076,-108.99693778149953,67.94570061664109,10.166142467644526,0.131,-0.8141,0.5588,0.0886
339,1853173.0,1050.35531,1.0,-2.92,-1.35,-9.14,-13.75,-3.69,32.5,-2.19,3.94,-2.44,0.1893376357229325,-0.19500058433409986,0.12085493548370076,-108.99693778149953,67.94570061664109,10.166142467644526,0.131,-0.8141,0.5588,0.0886
340,1853208.0,1050.372242,1.0,-2.86,-1.32,-9.35,-14.19,-3.25,32.19,1.06,5.44,-0.88,0.16315632904768418,-0.08860912432132961,-0.05793455462664988,-109.07590597018145,67.91806721211006,10.005090889774307,0.1306,-0.8145,0.5586,0.0872
341,1853208.0,1050.372242,1.0,-2.86,-1.32,-9.35,-14.19,-3.25,32.19,1.06,5.44,-0.88,0.16315632904768418,-0.08860912432132961,-0.05793455462664988,-109.07590597018145,67.91806721211006,10.005090889774307,0.1306,-0.8145,0.5586,0.0872
342,1853243.0,1050.411968,1.0,-2.86,-1.18,-9.19,-14.19,-3.69,32.5,-4.13,1.12,-3.0,0.03834740824519434,-0.10863856719192032,0.11052566406044127,-109.17472377788086,67.83519390579393,9.982085146289721,0.1296,-0.815,0.5579999999999999,0.087
343,1853243.0,1050.411968,1.0,-2.86,-1.18,-9.19,-14.19,-3.69,32.5,-4.13,1.12,-3.0,0.03834740824519434,-0.10863856719192032,0.11052566406044127,-109.17472377788086,67.83519390579393,9.982085146289721,0.1296,-0.815,0.5579999999999999,0.087
344,1853278.0,1050.520568,1.0,-2.87,-1.45,-9.04,-14.19,-3.69,32.5,1.0,2.44,-1.06,0.2739866034393845,-0.2646207859521293,0.21937159678369333,-109.253864399006,67.77996741979399,9.901568214246721,0.1296,-0.8154,0.5576,0.0863
345,1853278.0,1050.520568,1.0,-2.87,-1.45,-9.04,-14.19,-3.69,32.5,1.0,2.44,-1.06,0.2739866034393845,-0.2646207859521293,0.21937159678369333,-109.253864399006,67.77996741979399,9.901568214246721,0.1296,-0.8154,0.5576,0.0863
346,1853313.0,1050.566591,1.0,-2.69,-0.84,-9.23,-14.19,-4.0,32.5,-3.81,7.06,-1.56,-0.2233945783179212,0.13296904663706172,0.15952534573048816,-109.31327042212921,67.77996741979399,9.832557602907887,0.1281,-0.8157,0.5576,0.0857
347,1853313.0,1050.566591,1.0,-2.69,-0.84,-9.23,-14.19,-4.0,32.5,-3.81,7.06,-1.56,-0.2233945783179212,0.13296904663706172,0.15952534573048816,-109.31327042212921,67.77996741979399,9.832557602907887,0.1281,-0.8157,0.5576,0.0857
348,1853347.0,1050.626041,1.0,-2.59,-1.14,-9.39,-13.75,-3.69,33.25,-0.81,5.44,-3.63,0.07992311519805084,0.1243647056196242,0.0006342078623386982,-109.47189924933485,67.68336405721995,9.648546712798435,0.1266,-0.8165,0.5569,0.0841
349,1853347.0,1050.626041,1.0,-2.59,-1.14,-9.39,-13.75,-3.69,33.25,-0.81,5.44,-3.63,0.07992311519805084,0.1243647056196242,0.0006342078623386982,-109.47189924933485,67.68336405721995,9.648546712798435,0.1266,-0.8165,0.5569,0.0841
350,1853382.0,1050.6429640000001,1.0,-3.04,-1.07,-9.01,-14.88,-4.0,31.25,-1.19,3.81,-3.38,-0.15034346962376188,-0.3833994926263393,0.2464720900343416,-109.5910749517882,67.61439507717935,9.591048446078224,0.1258,-0.8171,0.5564,0.0836
351,1853382.0,1050.6429640000001,1.0,-3.04,-1.07,-9.01,-14.88,-4.0,31.25,-1.19,3.81,-3.38,-0.15034346962376188,-0.3833994926263393,0.2464720900343416,-109.5910749517882,67.61439507717935,9.591048446078224,0.1258,-0.8171,0.5564,0.0836
352,1853417.0,1050.646297,1.0,-2.79,-1.16,-9.5,-14.88,-4.0,31.25,-2.44,2.88,-3.0,0.01673723366257474,-0.07766400912389626,-0.16197017365974808,-109.75024971660669,67.49032089207272,9.476059158737444,0.1246,-0.8179,0.5555,0.0826
353,1853417.0,1050.646297,1.0,-2.79,-1.16,-9.5,-14.88,-4.0,31.25,-2.44,2.88,-3.0,0.01673723366257474,-0.07766400912389626,-0.16197017365974808,-109.75024971660669,67.49032089207272,9.476059158737444,0.1246,-0.8179,0.5555,0.0826
354,1853454.0,1050.68237,1.0,-2.75,-1.22,-9.56,-14.56,-4.75,33.0,-2.0,3.19,-3.5,0.0851930427930605,-0.06483294540517193,-0.21497855201936567,-109.86983734458828,67.40765461346972,9.418568108565768,0.1238,-0.8185,0.5549,0.0821
355,1853454.0,1050.68237,1.0,-2.75,-1.22,-9.56,-14.56,-4.75,33.0,-2.0,3.19,-3.5,0.0851930427930605,-0.06483294540517193,-0.21497855201936567,-109.86983734458828,67.40765461346972,9.418568108565768,0.1238,-0.8185,0.5549,0.0821
356,1853489.0,1050.6888099999999,1.0,-2.93,-1.35,-9.41,-14.88,-3.69,30.87,-1.06,2.56,-3.69,0.12896511478741945,-0.3270198585191121,-0.1347747475551504,-110.02956467321043,67.2837297114374,9.349581983346614,0.1235,-0.8193,0.5539999999999999,0.0815
357,1853489.0,1050.6888099999999,1.0,-2.93,-1.35,-9.41,-14.88,-3.69,30.87,-1.06,2.56,-3.69,0.12896511478741945,-0.3270198585191121,-0.1347747475551504,-110.02956467321043,67.2837297114374,9.349581983346614,0.1235,-0.8193,0.5539999999999999,0.0815
358,1853523.0,1050.706083,1.0,-2.71,-1.2,-9.56,-14.88,-3.69,30.87,-1.56,4.56,-1.88,0.06510177223397927,-0.04960346535353943,-0.20189641071703868,-110.10954773943891,67.21492107332485,9.280599254023052,0.12300000000000001,-0.8197,0.5535,0.0809
359,1853523.0,1050.706083,1.0,-2.71,-1.2,-9.56,-14.88,-3.69,30.87,-1.56,4.56,-1.88,0.06510177223397927,-0.04960346535353943,-0.20189641071703868,-110.10954773943891,67.21492107332485,9.280599254023052,0.12300000000000001,-0.8197,0.5535,0.0809
360,1853556.0,1050.709006,1.0,-2.5,-1.1,-10.08,-14.56,-4.75,31.69,-1.5,2.81,-2.44,0.047397517776951004,0.3008122040251702,-0.6323952385847136,-110.22967237255024,67.14613988325526,9.21161989509871,0.1221,-0.8203,0.5529999999999999,0.0803
361,1853556.0,1050.709006,1.0,-2.5,-1.1,-10.08,-14.56,-4.75,31.69,-1.5,2.81,-2.44,0.047397517776951004,0.3008122040251702,-0.6323952385847136,-110.22967237255024,67.14613988325526,9.21161989509871,0.1221,-0.8203,0.5529999999999999,0.0803
362,1853593.0,1050.743381,1.0,-2.9,-1.11,-9.14,-15.69,-4.0,30.5,-2.56,-2.94,-3.5,-0.07969310580036015,-0.3150495274324864,0.15905481756451145,-110.28980246010522,67.03614692743177,9.326587364176332,0.1223,-0.8206,0.5522,0.0813
363,1853593.0,1050.743381,1.0,-2.9,-1.11,-9.14,-15.69,-4.0,30.5,-2.56,-2.94,-3.5,-0.07969310580036015,-0.3150495274324864,0.15905481756451145,-110.28980246010522,67.03614692743177,9.326587364176332,0.1223,-0.8206,0.5522,0.0813
364,1853630.0,1050.759463,1.0,-2.76,-0.92,-9.39,-14.69,-4.75,31.69,-1.19,1.94,-2.06,-0.20040216106174946,-0.05807471031253536,-0.021501723587903143,-110.4101987714497,66.95369808518734,9.326587364176332,0.1218,-0.8212,0.5516,0.0813
365,1853630.0,1050.759463,1.0,-2.76,-0.92,-9.39,-14.69,-4.75,31.69,-1.19,1.94,-2.06,-0.20040216106174946,-0.05807471031253536,-0.021501723587903143,-110.4101987714497,66.95369808518734,9.326587364176332,0.1218,-0.8212,0.5516,0.0813
366,1853663.0,1050.8593759999999,1.0,-2.63,-1.25,-9.47,-14.69,-4.75,31.69,0.81,2.25,-3.81,0.14445816368463282,-0.04912576824013126,-0.09976299854996283,-110.49056420469131,66.87128845427674,9.257605761151561,0.1216,-0.8216,0.551,0.0807
367,1853663.0,1050.8593759999999,1.0,-2.63,-1.25,-9.47,-14.69,-4.75,31.69,0.81,2.25,-3.81,0.14445816368463282,-0.04912576824013126,-0.09976299854996283,-110.49056420469131,66.87128845427674,9.257605761151561,0.1216,-0.8216,0.551,0.0807
368,1853700.0,1050.897625,1.0,-2.76,-1.18,-9.14,-14.69,-3.69,31.25,0.94,1.81,-2.75,0.03156854610611337,-0.24093912878207666,0.1894491721541716,-110.63139954579823,66.76146977168455,9.257605761151561,0.1212,-0.8223,0.5502,0.0807
369,1853700.0,1050.897625,1.0,-2.76,-1.18,-9.14,-14.69,-3.69,31.25,0.94,1.81,-2.75,0.03156854610611337,-0.24093912878207666,0.1894491721541716,-110.63139954579823,66.76146977168455,9.257605761151561,0.1212,-0.8223,0.5502,0.0807
370,1853734.0,1050.9623490000001,1.0,-2.7,-1.33,-9.2,-15.38,-5.19,31.69,1.19,5.69,-2.81,0.17427233069879755,-0.23737487703187102,0.13131112621853092,-110.69183416222988,66.72030564497379,9.13114820216436,0.1212,-0.8226,0.5499,0.0796
371,1853734.0,1050.9623490000001,1.0,-2.7,-1.33,-9.2,-15.38,-5.19,31.69,1.19,5.69,-2.81,0.17427233069879755,-0.23737487703187102,0.13131112621853092,-110.69183416222988,66.72030564497379,9.13114820216436,0.1212,-0.8226,0.5499,0.0796
372,1853769.0,1050.998922,1.0,-2.36,-1.39,-9.57,-15.38,-5.19,31.69,0.25,6.81,-2.31,0.3362202679152473,0.11399616818239465,-0.14124227952749813,-110.81284195033062,66.65172039063913,8.92424161449454,0.1204,-0.8232,0.5494,0.0778
373,1853769.0,1050.998922,1.0,-2.36,-1.39,-9.57,-15.38,-5.19,31.69,0.25,6.81,-2.31,0.3362202679152473,0.11399616818239465,-0.14124227952749813,-110.81284195033062,66.65172039063913,8.92424161449454,0.1204,-0.8232,0.5494,0.0778
374,1853804.0,1051.100103,1.0,-2.59,-1.09,-9.16,-15.0,-3.69,31.69,-2.25,1.81,-1.06,-0.020738360439519817,-0.10447061515892804,0.22591642626074204,-110.87341536801529,66.61058219226842,8.935735653853007,0.1198,-0.8235,0.5491,0.0779
375,1853804.0,1051.100103,1.0,-2.59,-1.09,-9.16,-15.0,-3.69,31.69,-2.25,1.81,-1.06,-0.020738360439519817,-0.10447061515892804,0.22591642626074204,-110.87341536801529,66.61058219226842,8.935735653853007,0.1198,-0.8235,0.5491,0.0779
376,1853841.0,1051.106147,1.0,-2.47,-1.1,-9.25,-15.75,-4.38,32.19,0.19,4.69,-0.81,0.025393164376875,0.0015644361521983676,0.1695989604058621,-110.91382347990452,66.59687161580996,8.820799294692952,0.1191,-0.8237,0.5489999999999999,0.0769
377,1853841.0,1051.106147,1.0,-2.47,-1.1,-9.25,-15.75,-4.38,32.19,0.19,4.69,-0.81,0.025393164376875,0.0015644361521983676,0.1695989604058621,-110.91382347990452,66.59687161580996,8.820799294692952,0.1191,-0.8237,0.5489999999999999,0.0769
378,1853874.0,1051.113253,1.0,-2.56,-1.15,-9.17,-15.75,-4.38,32.19,-1.06,7.81,-0.63,0.024600254067516314,-0.15293831266624708,0.21806278915300048,-110.97447448991244,66.59687161580996,8.648411389524659,0.11800000000000001,-0.8240000000000001,0.5489999999999999,0.0754
379,1853874.0,1051.113253,1.0,-2.56,-1.15,-9.17,-15.75,-4.38,32.19,-1.06,7.81,-0.63,0.024600254067516314,-0.15293831266624708,0.21806278915300048,-110.97447448991244,66.59687161580996,8.648411389524659,0.11800000000000001,-0.8240000000000001,0.5489999999999999,0.0754
380,1853908.0,1051.116119,1.0,-2.41,-1.19,-9.63,-14.19,-4.0,31.69,-0.06,8.06,-1.19,0.10205677694099012,0.04193975524426674,-0.19079594740129305,-111.05541520272615,66.59687161580996,8.41859128124216,0.1163,-0.8244,0.5489999999999999,0.0734
381,1853908.0,1051.116119,1.0,-2.41,-1.19,-9.63,-14.19,-4.0,31.69,-0.06,8.06,-1.19,0.10205677694099012,0.04193975524426674,-0.19079594740129305,-111.05541520272615,66.59687161580996,8.41859128124216,0.1163,-0.8244,0.5489999999999999,0.0734
382,1853943.0,1051.155131,1.0,-2.52,-1.37,-9.38,-16.06,-4.38,30.87,-1.0,6.25,0.37,0.21334335535784787,-0.22169316225272814,0.0027203412083256487,-111.07566339389359,66.63800657923225,8.246248510013665,0.1154,-0.8245,0.5493,0.0719
383,1853943.0,1051.155131,1.0,-2.52,-1.37,-9.38,-16.06,-4.38,30.87,-1.0,6.25,0.37,0.21334335535784787,-0.22169316225272814,0.0027203412083256487,-111.07566339389359,66.63800657923225,8.246248510013665,0.1154,-0.8245,0.5493,0.0719
384,1853980.0,1051.1728779999999,1.0,-2.49,-1.41,-9.53,-15.69,-3.69,30.5,-1.69,4.06,1.0,0.24840382296210975,-0.19715791228994892,-0.13862648174545633,-111.09591679955122,66.66543528126398,8.096899901459961,0.1146,-0.8246,0.5495,0.0706
385,1853980.0,1051.1728779999999,1.0,-2.49,-1.41,-9.53,-15.69,-3.69,30.5,-1.69,4.06,1.0,0.24840382296210975,-0.19715791228994892,-0.13862648174545633,-111.09591679955122,66.66543528126398,8.096899901459961,0.1146,-0.8246,0.5495,0.0706
386,1854015.0,1051.1757289999998,1.0,-2.43,-1.51,-9.61,-15.69,-3.69,30.5,0.44,7.81,2.5,0.34336218453018325,-0.18525468197263173,-0.2125756743244338,-111.07566339389359,66.72030564497379,7.913105112625811,0.1141,-0.8245,0.5499,0.069
387,1854015.0,1051.1757289999998,1.0,-2.43,-1.51,-9.61,-15.69,-3.69,30.5,0.44,7.81,2.5,0.34336218453018325,-0.18525468197263173,-0.2125756743244338,-111.07566339389359,66.72030564497379,7.913105112625811,0.1141,-0.8245,0.5499,0.069
388,1854052.0,1051.1845640000001,1.0,-2.46,-1.27,-9.38,-15.38,-4.0,31.25,1.06,11.5,3.88,0.08506583080238828,-0.2339010141437525,0.029791909590157317,-110.97447448991244,66.89875398051586,7.5915129998336095,0.1129,-0.8240000000000001,0.5512,0.0662
389,1854052.0,1051.1845640000001,1.0,-2.46,-1.27,-9.38,-15.38,-4.0,31.25,1.06,11.5,3.88,0.08506583080238828,-0.2339010141437525,0.029791909590157317,-110.97447448991244,66.89875398051586,7.5915129998336095,0.1129,-0.8240000000000001,0.5512,0.0662
390,1854087.0,1051.275182,1.0,-2.09,-1.26,-9.67,-15.75,-4.38,30.06,1.63,14.31,2.81,0.1838798243674734,0.10121722823165837,-0.16433507083927346,-110.9542523014697,67.04989222028267,7.2010885302066425,0.1107,-0.8239,0.5523,0.0628
391,1854087.0,1051.275182,1.0,-2.09,-1.26,-9.67,-15.75,-4.38,30.06,1.63,14.31,2.81,0.1838798243674734,0.10121722823165837,-0.16433507083927346,-110.9542523014697,67.04989222028267,7.2010885302066425,0.1107,-0.8239,0.5523,0.0628
392,1854119.0,1051.282428,1.0,-2.08,-1.12,-9.67,-15.75,-4.38,30.06,-1.19,14.25,2.13,0.029926784954911363,0.07543752242185797,-0.14740010876241882,-110.91382347990452,67.21492107332485,6.776309776380446,0.10800000000000001,-0.8237,0.5535,0.0591
393,1854119.0,1051.282428,1.0,-2.08,-1.12,-9.67,-15.75,-4.38,30.06,-1.19,14.25,2.13,0.029926784954911363,0.07543752242185797,-0.14740010876241882,-110.91382347990452,67.21492107332485,6.776309776380446,0.10800000000000001,-0.8237,0.5535,0.0591
394,1854154.0,1051.357043,1.0,-1.9,-0.93,-10.01,-16.19,-4.75,30.5,-0.5,3.63,1.25,-0.09322747611022096,0.35551086626536993,-0.4178265470739557,-110.87341536801529,67.29749473790226,6.627085616027942,0.1069,-0.8235,0.5541,0.0578
395,1854154.0,1051.357043,1.0,-1.9,-0.93,-10.01,-16.19,-4.75,30.5,-0.5,3.63,1.25,-0.09322747611022096,0.35551086626536993,-0.4178265470739557,-110.87341536801529,67.29749473790226,6.627085616027942,0.1069,-0.8235,0.5541,0.0578
396,1854191.0,1051.413698,1.0,-2.26,-1.11,-9.22,-16.19,-3.69,30.5,-0.12,1.44,2.44,-0.04441653320817651,-0.21939658595930886,0.2516517106413261,-110.83302792899204,67.33879642330523,6.638563994932457,0.1071,-0.8233,0.5544,0.0579
397,1854191.0,1051.413698,1.0,-2.26,-1.11,-9.22,-16.19,-3.69,30.5,-0.12,1.44,2.44,-0.04441653320817651,-0.21939658595930886,0.2516517106413261,-110.83302792899204,67.33879642330523,6.638563994932457,0.1071,-0.8233,0.5544,0.0579
398,1854228.0,1051.4566009999999,1.0,-2.02,-1.02,-9.55,-16.19,-3.69,30.5,-0.81,6.06,0.81,-0.04715237302481262,0.08235170108553291,-0.007334657163800884,-110.81284195033062,67.40765461346972,6.535260971441647,0.1061,-0.8232,0.5549,0.057
399,1854228.0,1051.4566009999999,1.0,-2.02,-1.02,-9.55,-16.19,-3.69,30.5,-0.81,6.06,0.81,-0.04715237302481262,0.08235170108553291,-0.007334657163800884,-110.81284195033062,67.40765461346972,6.535260971441647,0.1061,-0.8232,0.5549,0.057
400,1854261.0,1051.460725,1.0,-2.08,-0.95,-9.54,-16.5,-4.38,29.69,-2.13,-0.19,-0.19,-0.12598246084760106,0.03546098193249081,-0.002701198643016767,-110.81284195033062,67.42142956285187,6.523783187455053,0.1052,-0.8232,0.555,0.0569
401,1854261.0,1051.460725,1.0,-2.08,-0.95,-9.54,-16.5,-4.38,29.69,-2.13,-0.19,-0.19,-0.12598246084760106,0.03546098193249081,-0.002701198643016767,-110.81284195033062,67.42142956285187,6.523783187455053,0.1052,-0.8232,0.555,0.0569
402,1854296.0,1051.55225,1.0,-2.33,-1.11,-9.2,-16.87,-3.69,29.69,-2.0,0.88,0.5,-0.05283781256306086,-0.3318525554354072,0.2574048964845144,-110.81284195033062,67.42142956285187,6.569694717687418,0.1047,-0.8232,0.555,0.0573
403,1854296.0,1051.55225,1.0,-2.33,-1.11,-9.2,-16.87,-3.69,29.69,-2.0,0.88,0.5,-0.05283781256306086,-0.3318525554354072,0.2574048964845144,-110.81284195033062,67.42142956285187,6.569694717687418,0.1047,-0.8232,0.555,0.0573
404,1854332.0,1051.560379,1.0,-1.9,-0.94,-9.8,-16.87,-5.5,29.69,-3.19,8.06,1.12,-0.060779393897754164,0.21991557046148255,-0.21739823447822992,-110.81284195033062,67.47654041370244,6.443440527613203,0.1031,-0.8232,0.5554,0.0562
405,1854332.0,1051.560379,1.0,-1.9,-0.94,-9.8,-16.87,-5.5,29.69,-3.19,8.06,1.12,-0.060779393897754164,0.21991557046148255,-0.21739823447822992,-110.81284195033062,67.47654041370244,6.443440527613203,0.1031,-0.8232,0.5554,0.0562
406,1854365.0,1051.605091,1.0,-2.04,-0.9,-9.78,-16.87,-5.5,29.69,-4.38,-1.12,-0.5,-0.1270217093648075,0.08985813674383702,-0.2230953108546565,-110.85321906669195,67.47654041370244,6.512305468988996,0.1019,-0.8234,0.5554,0.0568
407,1854365.0,1051.605091,1.0,-2.04,-0.9,-9.78,-16.87,-5.5,29.69,-4.38,-1.12,-0.5,-0.1270217093648075,0.08985813674383702,-0.2230953108546565,-110.85321906669195,67.47654041370244,6.512305468988996,0.1019,-0.8234,0.5554,0.0568
408,1854404.0,1051.612215,1.0,-2.32,-0.86,-9.4,-16.87,-3.69,30.06,-0.94,2.44,-0.06,-0.25213345310407864,-0.24080297551719804,0.0927196600805349,-110.85321906669195,67.4627610420609,6.546738821065048,0.1014,-0.8234,0.5553,0.0571
409,1854404.0,1051.612215,1.0,-2.32,-0.86,-9.4,-16.87,-3.69,30.06,-0.94,2.44,-0.06,-0.25213345310407864,-0.24080297551719804,0.0927196600805349,-110.85321906669195,67.4627610420609,6.546738821065048,0.1014,-0.8234,0.5553,0.0571
410,1854439.0,1051.665983,1.0,-2.12,-0.87,-9.51,-16.19,-5.19,30.5,-2.44,8.06,-1.12,-0.1721211732080722,-0.07069662488381939,0.026221773743056787,-110.91382347990452,67.4489827766823,6.4319632645356775,0.1001,-0.8237,0.5552,0.0561
411,1854439.0,1051.665983,1.0,-2.12,-0.87,-9.51,-16.19,-5.19,30.5,-2.44,8.06,-1.12,-0.1721211732080722,-0.07069662488381939,0.026221773743056787,-110.91382347990452,67.4489827766823,6.4319632645356775,0.1001,-0.8237,0.5552,0.0561
412,1854474.0,1051.672545,1.0,-2.14,-1.04,-9.55,-16.19,-5.19,30.5,-2.38,-2.5,-1.06,-0.02318733508284926,-0.16024515795919775,-0.033953834970818164,-110.97447448991244,67.42142956285187,6.374577915681861,0.0993,-0.8240000000000001,0.555,0.0556
413,1854474.0,1051.672545,1.0,-2.14,-1.04,-9.55,-16.19,-5.19,30.5,-2.38,-2.5,-1.06,-0.02318733508284926,-0.16024515795919775,-0.033953834970818164,-110.97447448991244,67.42142956285187,6.374577915681861,0.0993,-0.8240000000000001,0.555,0.0556
414,1854507.0,1051.689515,1.0,-2.38,-1.11,-9.23,-17.25,-4.75,30.87,1.25,1.5,-1.19,-0.04787109537321505,-0.4795341927703196,0.22243613989692254,-111.01493444523935,67.38010802744758,6.340147475413156,0.0992,-0.8242,0.5547,0.0553
415,1854507.0,1051.689515,1.0,-2.38,-1.11,-9.23,-17.25,-4.75,30.87,1.25,1.5,-1.19,-0.04787109537321505,-0.4795341927703196,0.22243613989692254,-111.01493444523935,67.38010802744758,6.340147475413156,0.0992,-0.8242,0.5547,0.0553
416,1854543.0,1051.692458,1.0,-1.8,-0.9,-9.92,-16.5,-5.19,29.25,-3.25,2.5,-1.56,-0.031024956338245924,0.2501869998598483,-0.3122849200983282,-111.07566339389359,67.36633638987873,6.282764679968377,0.098,-0.8245,0.5546,0.0548
417,1854543.0,1051.692458,1.0,-1.8,-0.9,-9.92,-16.5,-5.19,29.25,-3.25,2.5,-1.56,-0.031024956338245924,0.2501869998598483,-0.3122849200983282,-111.07566339389359,67.36633638987873,6.282764679968377,0.098,-0.8245,0.5546,0.0548
418,1854578.0,1051.815908,1.0,-2.18,-0.93,-9.41,-16.5,-5.19,29.25,-3.06,-0.63,-1.25,-0.12444948934053485,-0.21905251565545847,0.10603515763109428,-111.13643927299914,67.29749473790226,6.351624225020216,0.0975,-0.8248,0.5541,0.0554
419,1854578.0,1051.815908,1.0,-2.18,-0.93,-9.41,-16.5,-5.19,29.25,-3.06,-0.63,-1.25,-0.12444948934053485,-0.21905251565545847,0.10603515763109428,-111.13643927299914,67.29749473790226,6.351624225020216,0.0975,-0.8248,0.5541,0.0554
420,1854613.0,1051.8637529999999,1.0,-2.0,-1.12,-9.79,-17.69,-4.38,30.19,0.31,3.0,-0.12,0.10538493899411044,-0.05931342381560234,-0.24739773871640305,-111.1769826604611,67.29749473790226,6.259812004164343,0.09699999999999999,-0.825,0.5541,0.0546
421,1854613.0,1051.8637529999999,1.0,-2.0,-1.12,-9.79,-17.69,-4.38,30.19,0.31,3.0,-0.12,0.10538493899411044,-0.05931342381560234,-0.24739773871640305,-111.1769826604611,67.29749473790226,6.259812004164343,0.09699999999999999,-0.825,0.5541,0.0546
422,1854648.0,1051.921952,1.0,-1.72,-1.07,-10.14,-15.75,-5.5,30.5,-0.69,3.06,-0.25,0.1579459882699339,0.2732137583300092,-0.5288861402807097,-111.1769826604611,67.31126086505994,6.2024314124588535,0.0964,-0.825,0.5542,0.0541
423,1854648.0,1051.921952,1.0,-1.72,-1.07,-10.14,-15.75,-5.5,30.5,-0.69,3.06,-0.25,0.1579459882699339,0.2732137583300092,-0.5288861402807097,-111.1769826604611,67.31126086505994,6.2024314124588535,0.0964,-0.825,0.5542,0.0541
424,1854685.0,1051.9296199999999,1.0,-1.91,-0.69,-9.59,-16.19,-5.19,29.69,-1.5,-2.0,0.44,-0.2423319898792853,0.12475448340530845,0.007771925161463854,-111.1769826604611,67.32502809337325,6.282764679968377,0.0962,-0.825,0.5543,0.0548
425,1854685.0,1051.9296199999999,1.0,-1.91,-0.69,-9.59,-16.19,-5.19,29.69,-1.5,-2.0,0.44,-0.2423319898792853,0.12475448340530845,0.007771925161463854,-111.1769826604611,67.32502809337325,6.282764679968377,0.0962,-0.825,0.5543,0.0548
426,1854717.0,1051.947493,1.0,-2.03,-0.74,-9.28,-16.19,-5.19,29.69,-1.44,-0.25,-1.31,-0.2279639767187144,-0.0704540437349156,0.2814219894461321,-111.21754699943544,67.2837297114374,6.328670789467022,0.0959,-0.8252,0.5539999999999999,0.0552
427,1854717.0,1051.947493,1.0,-2.03,-0.74,-9.28,-16.19,-5.19,29.69,-1.44,-0.25,-1.31,-0.2279639767187144,-0.0704540437349156,0.2814219894461321,-111.21754699943544,67.2837297114374,6.328670789467022,0.0959,-0.8252,0.5539999999999999,0.0552
428,1854754.0,1051.950666,1.0,-1.92,-0.87,-9.53,-16.5,-5.19,30.5,-0.81,1.25,-2.81,-0.07523929533096135,0.02406668087152075,0.04663156542161495,-111.31904975679159,67.18740530675933,6.271288310584378,0.0955,-0.8257,0.5533,0.0547
429,1854754.0,1051.950666,1.0,-1.92,-0.87,-9.53,-16.5,-5.19,30.5,-0.81,1.25,-2.81,-0.07523929533096135,0.02406668087152075,0.04663156542161495,-111.31904975679159,67.18740530675933,6.271288310584378,0.0955,-0.8257,0.5533,0.0547
430,1854791.0,1051.990156,1.0,-2.02,-1.15,-9.27,-16.5,-5.19,29.25,0.81,-0.88,-3.31,0.147135222558561,-0.220045972921364,0.2533400502452192,-111.42068428698192,67.09113465509711,6.294241112432486,0.0958,-0.8262,0.5526,0.0549
431,1854791.0,1051.990156,1.0,-2.02,-1.15,-9.27,-16.5,-5.19,29.25,0.81,-0.88,-3.31,0.147135222558561,-0.220045972921364,0.2533400502452192,-111.42068428698192,67.09113465509711,6.294241112432486,0.0958,-0.8262,0.5526,0.0549
432,1854824.0,1051.997369,1.0,-1.99,-0.84,-9.35,-16.5,-5.19,29.25,-0.88,3.94,-2.63,-0.1271798100268987,-0.06494486597007648,0.21145289622429608,-111.4817285033188,67.00865961711182,6.294241112432486,0.0955,-0.8265,0.552,0.0549
433,1854824.0,1051.997369,1.0,-1.99,-0.84,-9.35,-16.5,-5.19,29.25,-0.88,3.94,-2.63,-0.1271798100268987,-0.06494486597007648,0.21145289622429608,-111.4817285033188,67.00865961711182,6.294241112432486,0.0955,-0.8265,0.552,0.0549
434,1854859.0,1052.014734,1.0,-1.88,-1.02,-9.59,-15.75,-4.75,30.5,-0.94,4.81,-3.06,0.06540540183241368,-0.011333004011600978,-0.01875043440628588,-111.62435104940481,66.91248837447597,6.145052377433652,0.0945,-0.8272,0.5513,0.0536
435,1854859.0,1052.014734,1.0,-1.88,-1.02,-9.59,-15.75,-4.75,30.5,-0.94,4.81,-3.06,0.06540540183241368,-0.011333004011600978,-0.01875043440628588,-111.62435104940481,66.91248837447597,6.145052377433652,0.0945,-0.8272,0.5513,0.0536
436,1854894.0,1052.102875,1.0,-1.79,-1.26,-9.61,-16.19,-5.88,30.06,-0.5,1.81,-2.38,0.3078648230624972,-0.033625895576841036,-0.044638674577926814,-111.70596708251541,66.8438272739107,6.030298919379606,0.0941,-0.8276,0.5508,0.0526
437,1854894.0,1052.102875,1.0,-1.79,-1.26,-9.61,-16.19,-5.88,30.06,-0.5,1.81,-2.38,0.3078648230624972,-0.033625895576841036,-0.044638674577926814,-111.70596708251541,66.8438272739107,6.030298919379606,0.0941,-0.8276,0.5508,0.0526
438,1854930.0,1052.113417,1.0,-2.06,-0.96,-9.27,-16.19,-5.88,30.06,-3.5,-0.63,-2.25,-0.05543898191767965,-0.24155614996571434,0.2653357747112395,-111.80810781092319,66.76146977168455,6.087674884576738,0.0935,-0.8281,0.5502,0.0531
439,1854930.0,1052.113417,1.0,-2.06,-0.96,-9.27,-16.19,-5.88,30.06,-3.5,-0.63,-2.25,-0.05543898191767965,-0.24155614996571434,0.2653357747112395,-111.80810781092319,66.76146977168455,6.087674884576738,0.0935,-0.8281,0.5502,0.0531
440,1854963.0,1052.158434,1.0,-1.98,-1.0,-9.43,-16.5,-4.0,28.75,-2.44,8.38,-1.25,0.005900102220261549,-0.1805637467348644,0.12095632725983307,-111.86945684906635,66.72030564497379,5.97292446733722,0.0923,-0.8284,0.5499,0.0521
441,1854963.0,1052.158434,1.0,-1.98,-1.0,-9.43,-16.5,-4.0,28.75,-2.44,8.38,-1.25,0.005900102220261549,-0.1805637467348644,0.12095632725983307,-111.86945684906635,66.72030564497379,5.97292446733722,0.0923,-0.8284,0.5499,0.0521
442,1855000.0,1052.175101,1.0,-1.76,-0.91,-9.67,-15.0,-5.19,29.25,-1.94,5.0,-0.63,-0.0012495117273544356,0.0576346991939472,-0.06407827506508035,-111.9308545002648,66.72030564497379,5.800810045139373,0.0906,-0.8287,0.5499,0.0506
443,1855000.0,1052.175101,1.0,-1.76,-0.91,-9.67,-15.0,-5.19,29.25,-1.94,5.0,-0.63,-0.0012495117273544356,0.0576346991939472,-0.06407827506508035,-111.9308545002648,66.72030564497379,5.800810045139373,0.0906,-0.8287,0.5499,0.0506
444,1855035.0,1052.286634,1.0,-2.03,-0.99,-9.55,-16.5,-4.75,29.56,-3.38,4.19,-2.0,-0.025877750550620082,-0.265377771947513,-0.003161668945667273,-112.03329231056664,66.67915125155818,5.754915093896803,0.0894,-0.8292,0.5496,0.0502
445,1855035.0,1052.286634,1.0,-2.03,-0.99,-9.55,-16.5,-4.75,29.56,-3.38,4.19,-2.0,-0.025877750550620082,-0.265377771947513,-0.003161668945667273,-112.03329231056664,66.67915125155818,5.754915093896803,0.0894,-0.8292,0.5496,0.0502
446,1855068.0,1052.296983,1.0,-1.79,-0.99,-9.97,-16.5,-4.75,29.56,-0.81,5.75,-0.75,0.05695741692567274,0.0019983733750586485,-0.3708669790652301,-112.09482025042286,66.65172039063913,5.628708719478254,0.0881,-0.8295,0.5494,0.0491
447,1855068.0,1052.296983,1.0,-1.79,-0.99,-9.97,-16.5,-4.75,29.56,-0.81,5.75,-0.75,0.05695741692567274,0.0019983733750586485,-0.3708669790652301,-112.09482025042286,66.65172039063913,5.628708719478254,0.0881,-0.8295,0.5494,0.0491
448,1855105.0,1052.345423,1.0,-1.98,-0.87,-9.78,-16.19,-5.88,28.37,-3.56,2.69,-0.63,-0.12344549098682155,-0.18245095867542915,-0.20719905310807185,-112.11534046927385,66.65172039063913,5.571344453661866,0.0872,-0.8296,0.5494,0.0486
449,1855105.0,1052.345423,1.0,-1.98,-0.87,-9.78,-16.19,-5.88,28.37,-3.56,2.69,-0.63,-0.12344549098682155,-0.18245095867542915,-0.20719905310807185,-112.11534046927385,66.65172039063913,5.571344453661866,0.0872,-0.8296,0.5494,0.0486
450,1855141.0,1052.361525,1.0,-1.86,-0.94,-9.77,-17.25,-5.19,29.19,1.94,3.63,-0.19,-0.01946733748262275,-0.1199140605807586,-0.1824110990646357,-112.11534046927385,66.66543528126398,5.479564528582773,0.0867,-0.8296,0.5495,0.0478
451,1855141.0,1052.361525,1.0,-1.86,-0.94,-9.77,-17.25,-5.19,29.19,1.94,3.63,-0.19,-0.01946733748262275,-0.1199140605807586,-0.1824110990646357,-112.11534046927385,66.66543528126398,5.479564528582773,0.0867,-0.8296,0.5495,0.0478
452,1855174.0,1052.404135,1.0,-1.8,-0.83,-9.83,-17.25,-5.19,29.19,-3.44,1.94,-1.12,-0.09542627292322092,-0.03149098336582179,-0.2206977123515923,-112.15639729539848,66.63800657923225,5.4336758888612415,0.0858,-0.8298,0.5493,0.0474
453,1855174.0,1052.404135,1.0,-1.8,-0.83,-9.83,-17.25,-5.19,29.19,-3.44,1.94,-1.12,-0.09542627292322092,-0.03149098336582179,-0.2206977123515923,-112.15639729539848,66.63800657923225,5.4336758888612415,0.0858,-0.8298,0.5493,0.0474
454,1855209.0,1052.416263,1.0,-1.9,-0.78,-9.75,-16.5,-5.5,28.5,-0.75,0.44,-0.75,-0.17612813279498074,-0.12057950023361125,-0.15504360425031471,-112.19747600626744,66.61058219226842,5.4451479667522715,0.0856,-0.83,0.5491,0.0475
455,1855209.0,1052.416263,1.0,-1.9,-0.78,-9.75,-16.5,-5.5,28.5,-0.75,0.44,-0.75,-0.17612813279498074,-0.12057950023361125,-0.15504360425031471,-112.19747600626744,66.61058219226842,5.4451479667522715,0.0856,-0.83,0.5491,0.0475
456,1855244.0,1052.423246,1.0,-1.96,-0.75,-9.41,-16.19,-6.25,28.87,-1.5,1.12,-0.12,-0.21998329748477305,-0.2297812719955309,0.17072721513565092,-112.21802358107666,66.58316211676657,5.456620099259026,0.0855,-0.8301,0.5489,0.0476
457,1855244.0,1052.423246,1.0,-1.96,-0.75,-9.41,-16.19,-6.25,28.87,-1.5,1.12,-0.12,-0.21998329748477305,-0.2297812719955309,0.17072721513565092,-112.21802358107666,66.58316211676657,5.456620099259026,0.0855,-0.8301,0.5489,0.0476
458,1855281.0,1052.4657650000001,1.0,-1.72,-0.88,-9.66,-16.87,-5.88,28.06,0.0,4.31,-1.25,-0.019647398415614192,-0.03253249005308173,-0.04459132365187735,-112.2796992436405,66.56945369468808,5.3533728631413355,0.085,-0.8304,0.5488,0.0467
459,1855281.0,1052.4657650000001,1.0,-1.72,-0.88,-9.66,-16.87,-5.88,28.06,0.0,4.31,-1.25,-0.019647398415614192,-0.03253249005308173,-0.04459132365187735,-112.2796992436405,66.56945369468808,5.3533728631413355,0.085,-0.8304,0.5488,0.0467
460,1855315.0,1052.577105,1.0,-1.74,-0.9,-9.57,-16.87,-5.88,28.06,-1.88,0.75,-2.69,0.0023812547439934213,-0.0821365671316277,0.03855152005183093,-112.34142441987677,66.50092772303125,5.387788121139308,0.0844,-0.8307,0.5483,0.047
461,1855315.0,1052.577105,1.0,-1.74,-0.9,-9.57,-16.87,-5.88,28.06,-1.88,0.75,-2.69,0.0023812547439934213,-0.0821365671316277,0.03855152005183093,-112.34142441987677,66.50092772303125,5.387788121139308,0.0844,-0.8307,0.5483,0.047
462,1855350.0,1052.632296,1.0,-1.73,-1.0,-9.45,-17.69,-5.5,28.06,-0.37,1.94,-0.31,0.09488288066639784,-0.1421320526607861,0.14920749597426308,-112.38260211278737,66.45982503485911,5.341901218009245,0.0842,-0.8309,0.5479999999999999,0.0466
463,1855350.0,1052.632296,1.0,-1.73,-1.0,-9.45,-17.69,-5.5,28.06,-0.37,1.94,-0.31,0.09488288066639784,-0.1421320526607861,0.14920749597426308,-112.38260211278737,66.45982503485911,5.341901218009245,0.0842,-0.8309,0.5479999999999999,0.0466
464,1855385.0,1052.6355199999998,1.0,-1.78,-0.86,-9.32,-16.5,-5.88,29.25,-2.25,3.5,-1.56,-0.04884244095130158,-0.16997658888754202,0.2809415027179192,-112.42380191368638,66.44612628524789,5.318958088351593,0.0836,-0.8311,0.5479,0.0464
465,1855385.0,1052.6355199999998,1.0,-1.78,-0.86,-9.32,-16.5,-5.88,29.25,-2.25,3.5,-1.56,-0.04884244095130158,-0.16997658888754202,0.2809415027179192,-112.42380191368638,66.44612628524789,5.318958088351593,0.0836,-0.8311,0.5479,0.0464
466,1855420.0,1052.676285,1.0,-1.77,-0.93,-9.37,-16.5,-5.88,29.25,-1.19,2.69,-1.69,0.017911107280425775,-0.19674474512158024,0.2277319662394515,-112.50626800349724,66.39134200709483,5.261601195679236,0.0828,-0.8315,0.5475,0.0459
467,1855420.0,1052.676285,1.0,-1.77,-0.93,-9.37,-16.5,-5.88,29.25,-1.19,2.69,-1.69,0.017911107280425775,-0.19674474512158024,0.2277319662394515,-112.50626800349724,66.39134200709483,5.261601195679236,0.0828,-0.8315,0.5475,0.0459
468,1855455.0,1052.728672,1.0,-1.71,-0.97,-9.61,-15.38,-5.5,30.19,-1.25,7.31,-0.81,0.06901909699324715,-0.1402513559680143,-0.0011359846858045586,-112.54753437473772,66.37764861539371,5.146891353190199,0.0818,-0.8317,0.5474,0.0449
469,1855455.0,1052.728672,1.0,-1.71,-0.97,-9.61,-15.38,-5.5,30.19,-1.25,7.31,-0.81,0.06901909699324715,-0.1402513559680143,-0.0011359846858045586,-112.54753437473772,66.37764861539371,5.146891353190199,0.0818,-0.8317,0.5474,0.0449
470,1855492.0,1052.734667,1.0,-1.68,-0.88,-9.51,-15.75,-5.88,28.75,-0.63,8.5,-1.31,-0.014686203808599476,-0.14593552352011854,0.11049678656568318,-112.60947570576613,66.37764861539371,4.917487034889402,0.0801,-0.8320000000000001,0.5474,0.0429
471,1855492.0,1052.734667,1.0,-1.68,-0.88,-9.51,-15.75,-5.88,28.75,-0.63,8.5,-1.31,-0.014686203808599476,-0.14593552352011854,0.11049678656568318,-112.60947570576613,66.37764861539371,4.917487034889402,0.0801,-0.8320000000000001,0.5474,0.0429
472,1855526.0,1052.751234,1.0,-1.48,-0.92,-9.79,-15.75,-5.88,28.75,0.0,9.31,-0.44,0.0783324775106446,0.028934465906298886,-0.13688693710893496,-112.65079783642125,66.37764861539371,4.699571210920838,0.0789,-0.8322,0.5474,0.040999999999999995
473,1855526.0,1052.751234,1.0,-1.48,-0.92,-9.79,-15.75,-5.88,28.75,0.0,9.31,-0.44,0.0783324775106446,0.028934465906298886,-0.13688693710893496,-112.65079783642125,66.37764861539371,4.699571210920838,0.0789,-0.8322,0.5474,0.040999999999999995
474,1855559.0,1052.7897130000001,1.0,-1.64,-0.82,-9.78,-16.87,-5.5,29.19,-0.88,7.63,0.75,-0.09527492156450862,-0.12948182566372207,-0.1424483081957586,-112.65079783642125,66.41873200300768,4.447268815934101,0.0773,-0.8322,0.5477,0.0388
475,1855559.0,1052.7897130000001,1.0,-1.64,-0.82,-9.78,-16.87,-5.5,29.19,-0.88,7.63,0.75,-0.09527492156450862,-0.12948182566372207,-0.1424483081957586,-112.65079783642125,66.41873200300768,4.447268815934101,0.0773,-0.8322,0.5477,0.0388
476,1855594.0,1052.806221,1.0,-1.3,-0.87,-10.11,-16.5,-5.5,27.56,0.75,8.44,-0.06,0.06022295107749021,0.17349080262859873,-0.4219996732250468,-112.6714672903495,66.44612628524789,4.229388694927676,0.0761,-0.8323,0.5479,0.0369
477,1855594.0,1052.806221,1.0,-1.3,-0.87,-10.11,-16.5,-5.5,27.56,0.75,8.44,-0.06,0.06022295107749021,0.17349080262859873,-0.4219996732250468,-112.6714672903495,66.44612628524789,4.229388694927676,0.0761,-0.8323,0.5479,0.0369
478,1855631.0,1052.808873,1.0,-1.28,-0.89,-10.11,-17.69,-5.56,28.37,-0.69,1.69,0.19,0.08538547604087604,0.1634544688411545,-0.4211841772389473,-112.6714672903495,66.45982503485911,4.160587661476331,0.0753,-0.8323,0.5479999999999999,0.0363
479,1855631.0,1052.808873,1.0,-1.28,-0.89,-10.11,-17.69,-5.56,28.37,-0.69,1.69,0.19,0.08538547604087604,0.1634544688411545,-0.4211841772389473,-112.6714672903495,66.45982503485911,4.160587661476331,0.0753,-0.8323,0.5479999999999999,0.0363
480,1855666.0,1052.847804,1.0,-1.57,-0.77,-9.6,-17.69,-5.56,28.37,-2.25,3.06,-2.0,-0.1174171103748079,-0.14797777936991474,0.0505177848747902,-112.71282300150172,66.41873200300768,4.183521171347446,0.0745,-0.8325,0.5477,0.0365
481,1855666.0,1052.847804,1.0,-1.57,-0.77,-9.6,-17.69,-5.56,28.37,-2.25,3.06,-2.0,-0.1174171103748079,-0.14797777936991474,0.0505177848747902,-112.71282300150172,66.41873200300768,4.183521171347446,0.0745,-0.8325,0.5477,0.0365
482,1855703.0,1052.9475439999999,1.0,-1.36,-0.54,-9.79,-16.5,-6.0,27.56,-1.44,7.31,-2.25,-0.2514622667314067,0.11911093671475975,-0.08819104537133171,-112.79560178360883,66.37764861539371,4.034456312516312,0.0727,-0.8329,0.5474,0.0352
483,1855703.0,1052.9475439999999,1.0,-1.36,-0.54,-9.79,-16.5,-6.0,27.56,-1.44,7.31,-2.25,-0.2514622667314067,0.11911093671475975,-0.08819104537133171,-112.79560178360883,66.37764861539371,4.034456312516312,0.0727,-0.8329,0.5474,0.0352
484,1855737.0,1052.954951,1.0,-1.2,-0.81,-9.75,-16.87,-6.38,27.19,-2.06,1.44,-3.75,0.06223138636222589,0.13014110169088566,-0.04920057456748062,-112.91993898771477,66.29551072464068,3.977125506843028,0.0717,-0.8335,0.5468,0.0347
485,1855737.0,1052.954951,1.0,-1.2,-0.81,-9.75,-16.87,-6.38,27.19,-2.06,1.44,-3.75,0.06223138636222589,0.13014110169088566,-0.04920057456748062,-112.91993898771477,66.29551072464068,3.977125506843028,0.0717,-0.8335,0.5468,0.0347
486,1855770.0,1052.960536,1.0,-1.42,-0.43,-9.38,-16.87,-6.38,27.19,-3.13,0.12,-3.56,-0.3530610779448905,0.016191722399747976,0.3166138723887801,-113.06525678920107,66.1450243398958,4.034456312516312,0.071,-0.8342,0.5457,0.0352
487,1855770.0,1052.960536,1.0,-1.42,-0.43,-9.38,-16.87,-6.38,27.19,-3.13,0.12,-3.56,-0.3530610779448905,0.016191722399747976,0.3166138723887801,-113.06525678920107,66.1450243398958,4.034456312516312,0.071,-0.8342,0.5457,0.0352
488,1855805.0,1053.055925,1.0,-1.35,-0.54,-9.44,-16.87,-6.0,27.19,-2.81,4.19,-4.63,-0.2306235785950984,0.02733282624259825,0.258154533089753,-113.19003713661381,66.03566049429847,3.9541934642266314,0.0703,-0.8348,0.5449,0.0345
489,1855805.0,1053.055925,1.0,-1.35,-0.54,-9.44,-16.87,-6.0,27.19,-2.81,4.19,-4.63,-0.2306235785950984,0.02733282624259825,0.258154533089753,-113.19003713661381,66.03566049429847,3.9541934642266314,0.0703,-0.8348,0.5449,0.0345
490,1855842.0,1053.101005,1.0,-1.31,-0.86,-9.45,-17.25,-6.38,27.56,-1.44,3.75,-6.38,0.0768534488905307,-0.09765679808387827,0.2284060744580305,-113.46110408162376,65.80348711235835,3.851001219583861,0.0687,-0.8361,0.5432,0.0336
491,1855842.0,1053.101005,1.0,-1.31,-0.86,-9.45,-17.25,-6.38,27.56,-1.44,3.75,-6.38,0.0768534488905307,-0.09765679808387827,0.2284060744580305,-113.46110408162376,65.80348711235835,3.851001219583861,0.0687,-0.8361,0.5432,0.0336
492,1855877.0,1053.157615,1.0,-1.65,-1.02,-9.22,-17.25,-6.38,27.56,-3.69,2.0,-4.31,0.09465987016905424,-0.5186122324258398,0.3995579487145502,-113.62840124543837,65.66705665174257,3.851001219583861,0.0678,-0.8369,0.5422,0.0336
493,1855877.0,1053.157615,1.0,-1.65,-1.02,-9.22,-17.25,-6.38,27.56,-3.69,2.0,-4.31,0.09465987016905424,-0.5186122324258398,0.3995579487145502,-113.62840124543837,65.66705665174257,3.851001219583861,0.0678,-0.8369,0.5422,0.0336
494,1855911.0,1053.174692,1.0,-1.5,-1.14,-9.43,-17.25,-6.38,27.56,-2.19,8.5,-0.31,0.2564601404517146,-0.4442088632633859,0.2039729419001226,-113.73315185618263,65.58524867553507,3.6904861286986015,0.066,-0.8374,0.5416,0.0322
495,1855911.0,1053.174692,1.0,-1.5,-1.14,-9.43,-17.25,-6.38,27.56,-2.19,8.5,-0.31,0.2564601404517146,-0.4442088632633859,0.2039729419001226,-113.73315185618263,65.58524867553507,3.6904861286986015,0.066,-0.8374,0.5416,0.0322
496,1855946.0,1053.1776730000001,1.0,-1.21,-0.98,-9.72,-16.87,-6.0,26.75,-4.31,6.38,-1.31,0.2224290762111356,-0.11929329781011695,-0.03404074888310227,-113.77509319472591,65.58524867553507,3.5414428939599265,0.0642,-0.8376,0.5416,0.0309
497,1855946.0,1053.1776730000001,1.0,-1.21,-0.98,-9.72,-16.87,-6.0,26.75,-4.31,6.38,-1.31,0.2224290762111356,-0.11929329781011695,-0.03404074888310227,-113.77509319472591,65.58524867553507,3.5414428939599265,0.0642,-0.8376,0.5416,0.0309
498,1855983.0,1053.213575,1.0,-1.26,-0.7,-9.62,-16.87,-6.0,26.75,-2.94,9.63,0.25,-0.04504246009673277,-0.1258718537659393,0.08018468863338946,-113.83804937327128,65.58524867553507,3.380941489627292,0.0614,-0.8379,0.5416,0.0295
499,1855983.0,1053.213575,1.0,-1.26,-0.7,-9.62,-16.87,-6.0,26.75,-2.94,9.63,0.25,-0.04504246009673277,-0.1258718537659393,0.08018468863338946,-113.83804937327128,65.58524867553507,3.380941489627292,0.0614,-0.8379,0.5416,0.0295
500,1856016.0,1053.220899,1.0,-1.2,-0.74,-9.78,-16.87,-6.0,26.75,-3.44,5.06,2.25,0.00779668258811303,-0.10781686959918507,-0.07385174507198045,-113.81705808343624,65.62614795647175,3.2204467196467967,0.0598,-0.8378,0.5419,0.0281
501,1856016.0,1053.220899,1.0,-1.2,-0.74,-9.78,-16.87,-6.0,26.75,-3.44,5.06,2.25,0.00779668258811303,-0.10781686959918507,-0.07385174507198045,-113.81705808343624,65.62614795647175,3.2204467196467967,0.0598,-0.8378,0.5419,0.0281
502,1856053.0,1053.238083,1.0,-1.2,-0.47,-9.91,-17.25,-7.06,26.37,-4.5,7.38,1.44,-0.2310039411358873,-0.02830606211521525,-0.1840875076130999,-113.77509319472591,65.70797477306883,3.117274866889664,0.0576,-0.8376,0.5425,0.0272
503,1856053.0,1053.238083,1.0,-1.2,-0.47,-9.91,-17.25,-7.06,26.37,-4.5,7.38,1.44,-0.2310039411358873,-0.02830606211521525,-0.1840875076130999,-113.77509319472591,65.70797477306883,3.117274866889664,0.0576,-0.8376,0.5425,0.0272
504,1856088.0,1053.2411439999998,1.0,-1.2,-0.55,-9.66,-16.19,-6.38,27.19,-2.44,7.56,0.75,-0.15608669287420548,-0.13125112998011212,0.05900874248613164,-113.77509319472591,65.74890233219018,2.9797163137078666,0.055999999999999994,-0.8376,0.5428,0.026000000000000002
505,1856088.0,1053.2411439999998,1.0,-1.2,-0.55,-9.66,-16.19,-6.38,27.19,-2.44,7.56,0.75,-0.15608669287420548,-0.13125112998011212,0.05900874248613164,-113.77509319472591,65.74890233219018,2.9797163137078666,0.055999999999999994,-0.8376,0.5428,0.026000000000000002
506,1856122.0,1053.2834,1.0,-1.03,-0.49,-9.85,-16.19,-6.38,27.19,-0.5,8.94,0.56,-0.15066012042980267,0.01418842888175176,-0.10801591553129164,-113.79607269247896,65.76254695121683,2.7733864743736323,0.0538,-0.8377,0.5429,0.0242
507,1856122.0,1053.2834,1.0,-1.03,-0.49,-9.85,-16.19,-6.38,27.19,-0.5,8.94,0.56,-0.15066012042980267,0.01418842888175176,-0.10801591553129164,-113.79607269247896,65.76254695121683,2.7733864743736323,0.0538,-0.8377,0.5429,0.0242
508,1856157.0,1053.3508470000002,1.0,-0.89,-0.81,-9.85,-17.25,-6.38,27.19,-0.56,8.81,-0.75,0.17811232082722678,-0.0442262615163746,-0.11489322869995178,-113.81705808343624,65.7761926206296,2.4982938949536853,0.052000000000000005,-0.8378,0.5429999999999999,0.0218
509,1856157.0,1053.3508470000002,1.0,-0.89,-0.81,-9.85,-17.25,-6.38,27.19,-0.56,8.81,-0.75,0.17811232082722678,-0.0442262615163746,-0.11489322869995178,-113.81705808343624,65.7761926206296,2.4982938949536853,0.052000000000000005,-0.8378,0.5429999999999999,0.0218
510,1856194.0,1053.393076,1.0,-1.07,-0.39,-9.34,-16.5,-7.06,27.19,-4.25,7.44,0.06,-0.2592179265830251,-0.13287830062013328,0.40198363570177703,-113.85904656766621,65.7761926206296,2.4180613422720283,0.05,-0.838,0.5429999999999999,0.0211
511,1856194.0,1053.393076,1.0,-1.07,-0.39,-9.34,-16.5,-7.06,27.19,-4.25,7.44,0.06,-0.2592179265830251,-0.13287830062013328,0.40198363570177703,-113.85904656766621,65.7761926206296,2.4180613422720283,0.05,-0.838,0.5429999999999999,0.0211
512,1856229.0,1053.474017,1.0,-0.92,-0.58,-9.6,-16.5,-7.06,27.19,-2.56,9.81,0.06,-0.04170903477963903,-0.09089021768135623,0.14575980681657974,-113.88004967231205,65.78983934086463,2.2117544130994498,0.0484,-0.8381,0.5431,0.0193
513,1856229.0,1053.474017,1.0,-0.92,-0.58,-9.6,-16.5,-7.06,27.19,-2.56,9.81,0.06,-0.04170903477963903,-0.09089021768135623,0.14575980681657974,-113.88004967231205,65.78983934086463,2.2117544130994498,0.0484,-0.8381,0.5431,0.0193
514,1856264.0,1053.514745,1.0,-1.08,-0.42,-9.34,-16.87,-6.75,26.75,-3.31,12.13,-0.12,-0.2413122221170613,-0.263211853122214,0.4018167780958013,-113.88004967231205,65.80348711235835,2.0283765158457068,0.0453,-0.8381,0.5432,0.0177
515,1856264.0,1053.514745,1.0,-1.08,-0.42,-9.34,-16.87,-6.75,26.75,-3.31,12.13,-0.12,-0.2413122221170613,-0.263211853122214,0.4018167780958013,-113.88004967231205,65.80348711235835,2.0283765158457068,0.0453,-0.8381,0.5432,0.0177
516,1856296.0,1053.609459,1.0,-1.28,-0.48,-8.53,-16.5,-6.75,25.56,-2.25,18.87,-0.56,-0.2791320106612544,-0.6480691304471005,1.1966679022958626,-113.94309450479722,65.81713593554738,1.5126525087430307,0.0412,-0.8384,0.5433,0.0132
517,1856296.0,1053.609459,1.0,-1.28,-0.48,-8.53,-16.5,-6.75,25.56,-2.25,18.87,-0.56,-0.2791320106612544,-0.6480691304471005,1.1966679022958626,-113.94309450479722,65.81713593554738,1.5126525087430307,0.0412,-0.8384,0.5433,0.0132
518,1856333.0,1053.653698,1.0,-0.86,-0.81,-9.41,-16.5,-7.06,26.0,-1.81,11.81,-0.5,0.14822540430529335,-0.4199237747861345,0.33324019925307624,-114.00619273526415,65.80348711235835,1.0771765184626354,0.0378,-0.8387,0.5432,0.0094
519,1856333.0,1053.653698,1.0,-0.86,-0.81,-9.41,-16.5,-7.06,26.0,-1.81,11.81,-0.5,0.14822540430529335,-0.4199237747861345,0.33324019925307624,-114.00619273526415,65.80348711235835,1.0771765184626354,0.0378,-0.8387,0.5432,0.0094
520,1856368.0,1053.670988,1.0,-0.7,-0.85,-9.63,-16.5,-7.06,26.0,-2.19,16.0,0.56,0.21431588238327576,-0.3725882110381656,0.12343531026221123,-114.00619273526415,65.84443673875893,0.60733810621587,0.0344,-0.8387,0.5435,0.0053
521,1856368.0,1053.670988,1.0,-0.7,-0.85,-9.63,-16.5,-7.06,26.0,-2.19,16.0,0.56,0.21431588238327576,-0.3725882110381656,0.12343531026221123,-114.00619273526415,65.84443673875893,0.60733810621587,0.0344,-0.8387,0.5435,0.0053
522,1856405.0,1053.674034,1.0,-0.35,-0.81,-9.91,-17.25,-6.75,25.19,-2.75,20.75,1.81,0.2805299630357705,-0.12583665477222514,-0.13780413666104074,-113.98515404910734,65.88539584221961,0.1145915781247664,0.0308,-0.8386,0.5438,0.001
523,1856405.0,1053.674034,1.0,-0.35,-0.81,-9.91,-17.25,-6.75,25.19,-2.75,20.75,1.81,0.2805299630357705,-0.12583665477222514,-0.13780413666104074,-113.98515404910734,65.88539584221961,0.1145915781247664,0.0308,-0.8386,0.5438,0.001
524,1856440.0,1053.69852,1.0,-0.59,-0.45,-9.02,-17.25,-7.06,24.37,-1.94,25.62,4.38,-0.16513299512120236,-0.3852397725884005,0.7658911042248029,-113.85904656766621,66.07666398061995,-0.6302567522155992,0.0258,-0.838,0.5452,-0.0055
525,1856440.0,1053.69852,1.0,-0.59,-0.45,-9.02,-17.25,-7.06,24.37,-1.94,25.62,4.38,-0.16513299512120236,-0.3852397725884005,0.7658911042248029,-113.85904656766621,66.07666398061995,-0.6302567522155992,0.0258,-0.838,0.5452,-0.0055
526,1856475.0,1053.716179,1.0,-0.16,-0.7,-9.6,-17.25,-7.06,24.37,-0.88,32.31,2.75,0.1438560576386107,-0.2307552001202922,0.1836745000676565,-113.73315185618263,66.18605330414924,-1.5126525087430307,0.0209,-0.8374,0.546,-0.0132
527,1856475.0,1053.716179,1.0,-0.16,-0.7,-9.6,-17.25,-7.06,24.37,-0.88,32.31,2.75,0.1438560576386107,-0.2307552001202922,0.1836745000676565,-113.73315185618263,66.18605330414924,-1.5126525087430307,0.0209,-0.8374,0.546,-0.0132
528,1856509.0,1053.734142,1.0,0.18,-0.3,-9.9,-16.19,-6.75,24.75,-4.44,30.06,3.19,-0.15680786682708156,0.05128081872167811,-0.0981559834876311,-113.58654197734043,66.33657485995305,-2.4180613422720283,0.0142,-0.8367,0.5471,-0.0211
529,1856509.0,1053.734142,1.0,0.18,-0.3,-9.9,-16.19,-6.75,24.75,-4.44,30.06,3.19,-0.15680786682708156,0.05128081872167811,-0.0981559834876311,-113.58654197734043,66.33657485995305,-2.4180613422720283,0.0142,-0.8367,0.5471,-0.0211
530,1856544.0,1053.737272,1.0,0.2,-0.66,-9.83,-17.25,-6.75,23.56,-1.56,19.87,3.56,0.14458235990508844,-0.18236175462121695,-0.04476310328907829,-113.46110408162376,66.43242860811324,-2.956790311078442,0.0107,-0.8361,0.5478,-0.0258
531,1856544.0,1053.737272,1.0,0.2,-0.66,-9.83,-17.25,-6.75,23.56,-1.56,19.87,3.56,0.14458235990508844,-0.18236175462121695,-0.04476310328907829,-113.46110408162376,66.43242860811324,-2.956790311078442,0.0107,-0.8361,0.5478,-0.0258
532,1856581.0,1053.7804640000002,1.0,0.41,-0.52,-10.08,-17.25,-6.75,22.25,-5.63,20.25,4.31,0.06321533756278884,-0.07346074207950118,-0.2946126607008868,-113.25250462483365,66.62429384659232,-3.495584654482353,0.0056,-0.8351,0.5492,-0.0305
533,1856581.0,1053.7804640000002,1.0,0.41,-0.52,-10.08,-17.25,-6.75,22.25,-5.63,20.25,4.31,0.06321533756278884,-0.07346074207950118,-0.2946126607008868,-113.25250462483365,66.62429384659232,-3.495584654482353,0.0056,-0.8351,0.5492,-0.0305
534,1856616.0,1053.7974980000001,1.0,0.6,-0.24,-10.34,-17.25,-6.75,22.25,-6.38,20.31,5.38,-0.14991685182640074,0.09423491204598088,-0.552010372793875,-113.06525678920107,66.80264364391536,-3.908329853329541,0.0015,-0.8342,0.5505,-0.0341
535,1856616.0,1053.7974980000001,1.0,0.6,-0.24,-10.34,-17.25,-6.75,22.25,-6.38,20.31,5.38,-0.14991685182640074,0.09423491204598088,-0.552010372793875,-113.06525678920107,66.80264364391536,-3.908329853329541,0.0015,-0.8342,0.5505,-0.0341
536,1856651.0,1053.879937,1.0,0.64,-0.29,-10.24,-17.0,-7.06,21.87,-2.44,16.25,5.25,-0.103488891422067,-0.003357935474755103,-0.4569058542652051,-112.79560178360883,67.00865961711182,-4.3669953627837845,-0.0028,-0.8329,0.552,-0.0381
537,1856651.0,1053.879937,1.0,0.64,-0.29,-10.24,-17.0,-7.06,21.87,-2.44,16.25,5.25,-0.103488891422067,-0.003357935474755103,-0.4569058542652051,-112.79560178360883,67.00865961711182,-4.3669953627837845,-0.0028,-0.8329,0.552,-0.0381
538,1856688.0,1053.885459,1.0,0.45,0.29,-9.89,-17.75,-7.06,20.56,-10.44,0.63,4.38,-0.6716183133773925,0.021598723471763226,-0.07500787387321317,-112.6714672903495,67.14613988325526,-4.412865642375664,-0.0051,-0.8323,0.5529999999999999,-0.0385
539,1856688.0,1053.885459,1.0,0.45,0.29,-9.89,-17.75,-7.06,20.56,-10.44,0.63,4.38,-0.6716183133773925,0.021598723471763226,-0.07500787387321317,-112.6714672903495,67.14613988325526,-4.412865642375664,-0.0051,-0.8323,0.5529999999999999,-0.0385
540,1856720.0,1053.976064,1.0,0.34,0.01,-9.61,-17.75,-7.06,20.56,-2.5,6.06,2.5,-0.42240228181580375,-0.2181367402276515,0.20239090963391249,-112.54753437473772,67.2562029587362,-4.4702044875913645,-0.0075,-0.8317,0.5538,-0.039
541,1856720.0,1053.976064,1.0,0.34,0.01,-9.61,-17.75,-7.06,20.56,-2.5,6.06,2.5,-0.42240228181580375,-0.2181367402276515,0.20239090963391249,-112.54753437473772,67.2562029587362,-4.4702044875913645,-0.0075,-0.8317,0.5538,-0.039
542,1856757.0,1053.9856140000002,1.0,0.78,0.22,-10.11,-17.0,-6.75,20.56,-3.75,16.0,0.69,-0.4889315748501984,0.16081265828045066,-0.3227125270325537,-112.48564315719341,67.29749473790226,-4.779853967883568,-0.0104,-0.8314,0.5541,-0.0417
543,1856757.0,1053.9856140000002,1.0,0.78,0.22,-10.11,-17.0,-6.75,20.56,-3.75,16.0,0.69,-0.4889315748501984,0.16081265828045066,-0.3227125270325537,-112.48564315719341,67.29749473790226,-4.779853967883568,-0.0104,-0.8314,0.5541,-0.0417
544,1856792.0,1053.988944,1.0,0.91,0.22,-9.95,-16.25,-6.75,21.0,-1.69,9.69,-2.0,-0.4143662986117618,0.202498294589054,-0.1766508074115123,-112.48564315719341,67.2562029587362,-4.986306217889054,-0.0145,-0.8314,0.5538,-0.0435
545,1856792.0,1053.988944,1.0,0.91,0.22,-9.95,-16.25,-6.75,21.0,-1.69,9.69,-2.0,-0.4143662986117618,0.202498294589054,-0.1766508074115123,-112.48564315719341,67.2562029587362,-4.986306217889054,-0.0145,-0.8314,0.5538,-0.0435
546,1856827.0,1054.081978,1.0,0.63,-0.14,-9.6,-16.25,-6.75,21.0,-4.06,11.06,-5.69,-0.16381944801469644,-0.21590797904201534,0.1887995679628016,-112.56817591001142,67.14613988325526,-5.112479412053579,-0.0167,-0.8318,0.5529999999999999,-0.0446
547,1856827.0,1054.081978,1.0,0.63,-0.14,-9.6,-16.25,-6.75,21.0,-4.06,11.06,-5.69,-0.16381944801469644,-0.21590797904201534,0.1887995679628016,-112.56817591001142,67.14613988325526,-5.112479412053579,-0.0167,-0.8318,0.5529999999999999,-0.0446
548,1856860.0,1054.124557,1.0,1.04,-0.39,-10.52,-16.37,-7.5,19.69,-2.0,12.44,-5.63,0.1565359921414311,-0.09696212929416044,-0.7702207484135908,-112.77489865498623,66.91248837447597,-5.456620099259026,-0.0197,-0.8328,0.5513,-0.0476
549,1856860.0,1054.124557,1.0,1.04,-0.39,-10.52,-16.37,-7.5,19.69,-2.0,12.44,-5.63,0.1565359921414311,-0.09696212929416044,-0.7702207484135908,-112.77489865498623,66.91248837447597,-5.456620099259026,-0.0197,-0.8328,0.5513,-0.0476
550,1856897.0,1054.146726,1.0,1.05,-0.53,-10.29,-16.37,-7.88,19.37,-4.56,12.13,-8.13,0.2995611843556191,-0.2019317895976592,-0.5440498144655574,-112.91993898771477,66.70658643296115,-5.709021066543901,-0.0227,-0.8335,0.5498,-0.0498
551,1856897.0,1054.146726,1.0,1.05,-0.53,-10.29,-16.37,-7.88,19.37,-4.56,12.13,-8.13,0.2995611843556191,-0.2019317895976592,-0.5440498144655574,-112.91993898771477,66.70658643296115,-5.709021066543901,-0.0227,-0.8335,0.5498,-0.0498
552,1856933.0,1054.149582,1.0,0.89,-0.27,-10.06,-15.56,-7.06,18.87,-7.81,6.44,-1.88,0.03132575154839351,-0.2799976756108966,-0.2923212346823938,-113.02370899765695,66.58316211676657,-5.789336220308418,-0.0255,-0.8340000000000001,0.5489,-0.0505
553,1856933.0,1054.149582,1.0,0.89,-0.27,-10.06,-15.56,-7.06,18.87,-7.81,6.44,-1.88,0.03132575154839351,-0.2799976756108966,-0.2923212346823938,-113.02370899765695,66.58316211676657,-5.789336220308418,-0.0255,-0.8340000000000001,0.5489,-0.0505
554,1856968.0,1054.185794,1.0,0.88,-0.31,-10.12,-15.56,-7.06,18.87,-5.25,7.88,-0.81,0.07920635156342809,-0.35005869800517514,-0.34992842296424875,-113.04448004610614,66.5420400796265,-5.823757869537403,-0.0276,-0.8341,0.5486,-0.0508
555,1856968.0,1054.185794,1.0,0.88,-0.31,-10.12,-15.56,-7.06,18.87,-5.25,7.88,-0.81,0.07920635156342809,-0.35005869800517514,-0.34992842296424875,-113.04448004610614,66.5420400796265,-5.823757869537403,-0.0276,-0.8341,0.5486,-0.0508
556,1857005.0,1054.191538,1.0,1.34,-0.24,-10.59,-15.19,-7.06,20.06,-4.69,7.94,1.31,0.17201321164929026,-0.027770986051788796,-0.8690673167591783,-112.9614299666055,66.56945369468808,-6.04177399090254,-0.0307,-0.8337,0.5488,-0.0527
557,1857005.0,1054.191538,1.0,1.34,-0.24,-10.59,-15.19,-7.06,20.06,-4.69,7.94,1.31,0.17201321164929026,-0.027770986051788796,-0.8690673167591783,-112.9614299666055,66.56945369468808,-6.04177399090254,-0.0307,-0.8337,0.5488,-0.0527
558,1857040.0,1054.208508,1.0,0.93,-0.19,-9.88,-15.19,-7.5,19.25,-5.38,-2.81,2.06,0.024419002258337874,-0.3140859443401976,-0.11384160736989735,-112.89920199482374,66.63800657923225,-5.97292446733722,-0.0317,-0.8334,0.5493,-0.0521
559,1857040.0,1054.208508,1.0,0.93,-0.19,-9.88,-15.19,-7.5,19.25,-5.38,-2.81,2.06,0.024419002258337874,-0.3140859443401976,-0.11384160736989735,-112.89920199482374,66.63800657923225,-5.97292446733722,-0.0317,-0.8334,0.5493,-0.0521
560,1857075.0,1054.211515,1.0,0.87,0.0,-9.71,-15.19,-7.5,19.25,-2.06,6.19,1.63,-0.13550229687904985,-0.2881357256547592,0.06295373363670898,-112.8163105430652,66.72030564497379,-5.869654220523909,-0.0331,-0.833,0.5499,-0.0512
561,1857075.0,1054.211515,1.0,0.87,0.0,-9.71,-15.19,-7.5,19.25,-2.06,6.19,1.63,-0.13550229687904985,-0.2881357256547592,0.06295373363670898,-112.8163105430652,66.72030564497379,-5.869654220523909,-0.0331,-0.833,0.5499,-0.0512
562,1857107.0,1054.290642,1.0,1.05,-0.17,-10.14,-15.19,-6.88,20.06,-2.06,1.25,1.19,0.06776572712215054,-0.2688188131582402,-0.38521657349475896,-112.73350926918677,66.77519331232165,-5.97292446733722,-0.0343,-0.8326,0.5503,-0.0521
563,1857107.0,1054.290642,1.0,1.05,-0.17,-10.14,-15.19,-6.88,20.06,-2.06,1.25,1.19,0.06776572712215054,-0.2688188131582402,-0.38521657349475896,-112.73350926918677,66.77519331232165,-5.97292446733722,-0.0343,-0.8326,0.5503,-0.0521
564,1857144.0,1054.486865,1.0,0.87,0.13,-9.89,-15.56,-8.0,19.25,1.0,7.06,2.38,-0.2696370864119153,-0.30339546716779303,-0.11409327014530568,-112.6714672903495,66.8438272739107,-6.04177399090254,-0.0349,-0.8323,0.5508,-0.0527
565,1857144.0,1054.486865,1.0,0.87,0.13,-9.89,-15.56,-8.0,19.25,1.0,7.06,2.38,-0.2696370864119153,-0.30339546716779303,-0.11409327014530568,-112.6714672903495,66.8438272739107,-6.04177399090254,-0.0349,-0.8323,0.5508,-0.0527
566,1857179.0,1054.547536,1.0,1.26,-0.25,-10.46,-15.56,-8.0,19.25,-0.88,9.38,0.5,0.18594739263496896,-0.20119338147340649,-0.7283699235893053,-112.60947570576613,66.8438272739107,-6.236859579751598,-0.036000000000000004,-0.8320000000000001,0.5508,-0.0544
567,1857179.0,1054.547536,1.0,1.26,-0.25,-10.46,-15.56,-8.0,19.25,-0.88,9.38,0.5,0.18594739263496896,-0.20119338147340649,-0.7283699235893053,-112.60947570576613,66.8438272739107,-6.236859579751598,-0.036000000000000004,-0.8320000000000001,0.5508,-0.0544
568,1857214.0,1054.601928,1.0,1.55,0.05,-10.8,-14.5,-6.88,20.06,-3.0,-5.44,2.19,0.01434363215937004,0.12411535861390323,-1.1034091033217006,-112.52689840762379,66.93996042635567,-6.236859579751598,-0.0369,-0.8316,0.5515,-0.0544
569,1857214.0,1054.601928,1.0,1.55,0.05,-10.8,-14.5,-6.88,20.06,-3.0,-5.44,2.19,0.01434363215937004,0.12411535861390323,-1.1034091033217006,-112.52689840762379,66.93996042635567,-6.236859579751598,-0.0369,-0.8316,0.5515,-0.0544
570,1857249.0,1054.608032,1.0,0.9,0.25,-9.68,-14.88,-7.56,19.19,-2.25,-3.44,0.81,-0.33759338683116324,-0.23753306899913695,0.09045173389305106,-112.50626800349724,66.98117667091634,-6.04177399090254,-0.0369,-0.8315,0.5518,-0.0527
571,1857249.0,1054.608032,1.0,0.9,0.25,-9.68,-14.88,-7.56,19.19,-2.25,-3.44,0.81,-0.33759338683116324,-0.23753306899913695,0.09045173389305106,-112.50626800349724,66.98117667091634,-6.04177399090254,-0.0369,-0.8315,0.5518,-0.0527
572,1857286.0,1054.622654,1.0,1.01,0.29,-9.56,-14.06,-7.19,19.5,-1.56,6.06,-0.75,-0.3244225490372649,-0.1312223830242838,0.19544140295718826,-112.48564315719341,66.98117667091634,-6.11062569758793,-0.038,-0.8314,0.5518,-0.0533
573,1857286.0,1054.622654,1.0,1.01,0.29,-9.56,-14.06,-7.19,19.5,-1.56,6.06,-0.75,-0.3244225490372649,-0.1312223830242838,0.19544140295718826,-112.48564315719341,66.98117667091634,-6.11062569758793,-0.038,-0.8314,0.5518,-0.0533
574,1857318.0,1054.625299,1.0,1.19,0.29,-9.75,-14.06,-7.19,19.5,-0.88,7.13,-0.81,-0.2767481453310632,-0.034067680233330316,-0.01602529022614974,-112.50626800349724,66.93996042635567,-6.317194167065648,-0.0395,-0.8315,0.5515,-0.0551
575,1857318.0,1054.625299,1.0,1.19,0.29,-9.75,-14.06,-7.19,19.5,-0.88,7.13,-0.81,-0.2767481453310632,-0.034067680233330316,-0.01602529022614974,-112.50626800349724,66.93996042635567,-6.317194167065648,-0.0395,-0.8315,0.5515,-0.0551
576,1857355.0,1054.627915,1.0,1.15,0.32,-9.18,-15.56,-7.56,20.0,-4.0,3.06,-3.06,-0.2808957889274497,-0.0064261412188126865,0.5536312352685755,-112.56817591001142,66.8438272739107,-6.328670789467022,-0.0407,-0.8318,0.5508,-0.0552
577,1857355.0,1054.627915,1.0,1.15,0.32,-9.18,-15.56,-7.56,20.0,-4.0,3.06,-3.06,-0.2808957889274497,-0.0064261412188126865,0.5536312352685755,-112.56817591001142,66.8438272739107,-6.328670789467022,-0.0407,-0.8318,0.5508,-0.0552
578,1857392.0,1054.6659140000002,1.0,1.04,0.39,-8.77,-14.88,-7.19,20.25,-2.44,8.25,-3.0,-0.3706452350761138,-0.0729983768696763,0.974668719070463,-112.6714672903495,66.70658643296115,-6.512305468988996,-0.0428,-0.8323,0.5498,-0.0568
579,1857392.0,1054.6659140000002,1.0,1.04,0.39,-8.77,-14.88,-7.19,20.25,-2.44,8.25,-3.0,-0.3706452350761138,-0.0729983768696763,0.974668719070463,-112.6714672903495,66.70658643296115,-6.512305468988996,-0.0428,-0.8323,0.5498,-0.0568
580,1857425.0,1054.682015,1.0,1.25,-0.1,-9.19,-14.88,-7.19,20.25,-3.06,18.31,-4.38,0.12137163382675073,-0.20958645461159567,0.5346522409113152,-112.73350926918677,66.55574634912462,-6.89110540785609,-0.0457,-0.8326,0.5487,-0.0601
581,1857425.0,1054.682015,1.0,1.25,-0.1,-9.19,-14.88,-7.19,20.25,-3.06,18.31,-4.38,0.12137163382675073,-0.20958645461159567,0.5346522409113152,-112.73350926918677,66.55574634912462,-6.89110540785609,-0.0457,-0.8326,0.5487,-0.0601
582,1857460.0,1054.685075,1.0,1.5,-0.18,-9.74,-14.88,-6.5,19.19,-4.81,6.75,-2.56,0.26679020686011,-0.17311284175098596,-0.04468772284477218,-112.79560178360883,66.41873200300768,-7.143680335170353,-0.0491,-0.8329,0.5477,-0.0623
583,1857460.0,1054.685075,1.0,1.5,-0.18,-9.74,-14.88,-6.5,19.19,-4.81,6.75,-2.56,0.26679020686011,-0.17311284175098596,-0.04468772284477218,-112.79560178360883,66.41873200300768,-7.143680335170353,-0.0491,-0.8329,0.5477,-0.0623
584,1857497.0,1054.725381,1.0,1.31,-0.27,-9.45,-14.5,-7.56,19.5,-5.63,15.75,-1.06,0.2876188538213771,-0.4077117659045736,0.2755143640503448,-112.79560178360883,66.35026504226904,-7.384806987935718,-0.0521,-0.8329,0.5472,-0.0644
585,1857497.0,1054.725381,1.0,1.31,-0.27,-9.45,-14.5,-7.56,19.5,-5.63,15.75,-1.06,0.2876188538213771,-0.4077117659045736,0.2755143640503448,-112.79560178360883,66.35026504226904,-7.384806987935718,-0.0521,-0.8329,0.5472,-0.0644
586,1857531.0,1054.739525,1.0,1.67,-0.15,-10.0,-14.5,-6.88,18.69,-8.44,16.37,-0.12,0.2966772305107357,-0.24806995287136716,-0.3255681144791236,-112.69214234363413,66.33657485995305,-7.7523014124211596,-0.0575,-0.8324,0.5471,-0.0676
587,1857531.0,1054.739525,1.0,1.67,-0.15,-10.0,-14.5,-6.88,18.69,-8.44,16.37,-0.12,0.2966772305107357,-0.24806995287136716,-0.3255681144791236,-112.69214234363413,66.33657485995305,-7.7523014124211596,-0.0575,-0.8324,0.5471,-0.0676
588,1857566.0,1054.747757,1.0,1.97,0.25,-10.39,-14.5,-6.88,18.69,-8.44,13.19,0.5,0.0407387451910568,0.02754627476348226,-0.7713026165221084,-112.58882301862495,66.35026504226904,-7.94756506816392,-0.0613,-0.8319,0.5472,-0.0693
589,1857566.0,1054.747757,1.0,1.97,0.25,-10.39,-14.5,-6.88,18.69,-8.44,13.19,0.5,0.0407387451910568,0.02754627476348226,-0.7713026165221084,-112.58882301862495,66.35026504226904,-7.94756506816392,-0.0613,-0.8319,0.5472,-0.0693
590,1857603.0,1054.808484,1.0,1.94,0.25,-10.21,-13.38,-7.56,19.5,-6.88,8.06,0.31,0.061305100589265575,-0.04620839486828948,-0.5887483314197919,-112.50626800349724,66.35026504226904,-8.073924421552888,-0.0651,-0.8315,0.5472,-0.0704
591,1857603.0,1054.808484,1.0,1.94,0.25,-10.21,-13.38,-7.56,19.5,-6.88,8.06,0.31,0.061305100589265575,-0.04620839486828948,-0.5887483314197919,-112.50626800349724,66.35026504226904,-8.073924421552888,-0.0651,-0.8315,0.5472,-0.0704
592,1857638.0,1054.8500960000001,1.0,1.59,0.26,-9.66,-13.0,-8.0,19.19,-8.44,9.38,1.06,-0.04259254574196003,-0.3073906580950764,0.018136483721692187,-112.42380191368638,66.37764861539371,-8.154340029708836,-0.0678,-0.8311,0.5474,-0.0711
593,1857638.0,1054.8500960000001,1.0,1.59,0.26,-9.66,-13.0,-8.0,19.19,-8.44,9.38,1.06,-0.04259254574196003,-0.3073906580950764,0.018136483721692187,-112.42380191368638,66.37764861539371,-8.154340029708836,-0.0678,-0.8311,0.5474,-0.0711
594,1857673.0,1054.8663390000002,1.0,1.9,0.41,-10.08,-13.0,-8.0,19.19,-2.75,9.38,1.19,-0.07498628049562606,-0.130892430738399,-0.4579369000809184,-112.2796992436405,66.40503646948389,-8.384121213370948,-0.0712,-0.8304,0.5476,-0.0731
595,1857673.0,1054.8663390000002,1.0,1.9,0.41,-10.08,-13.0,-8.0,19.19,-2.75,9.38,1.19,-0.07498628049562606,-0.130892430738399,-0.4579369000809184,-112.2796992436405,66.40503646948389,-8.384121213370948,-0.0712,-0.8304,0.5476,-0.0731
596,1857708.0,1054.86923,1.0,1.79,0.15,-10.04,-12.25,-6.88,18.19,-2.69,5.13,0.19,0.12341706244496753,-0.3571497791408431,-0.3857693528306658,-112.25913519470078,66.40503646948389,-8.487533709607298,-0.0726,-0.8303,0.5476,-0.07400000000000001
597,1857708.0,1054.86923,1.0,1.79,0.15,-10.04,-12.25,-6.88,18.19,-2.69,5.13,0.19,0.12341706244496753,-0.3571497791408431,-0.3857693528306658,-112.25913519470078,66.40503646948389,-8.487533709607298,-0.0726,-0.8303,0.5476,-0.07400000000000001
598,1857744.0,1054.992561,1.0,1.63,0.28,-9.53,-13.5,-7.19,19.06,-4.56,8.81,2.75,-0.037005394328384934,-0.3865565148450533,0.14200284339767322,-112.13586614925856,66.47352485739471,-8.61393617408195,-0.0743,-0.8297,0.5481,-0.0751
599,1857744.0,1054.992561,1.0,1.63,0.28,-9.53,-13.5,-7.19,19.06,-4.56,8.81,2.75,-0.037005394328384934,-0.3865565148450533,0.14200284339767322,-112.13586614925856,66.47352485739471,-8.61393617408195,-0.0743,-0.8297,0.5481,-0.0751
600,1857777.0,1055.0973800000002,1.0,1.88,0.72,-9.6,-13.5,-7.19,19.06,-4.0,12.75,3.25,-0.35713430995075396,-0.06265039644976,0.004541552707616248,-111.99230089793316,66.5420400796265,-8.832292528579133,-0.0765,-0.8290000000000001,0.5486,-0.077
601,1857777.0,1055.0973800000002,1.0,1.88,0.72,-9.6,-13.5,-7.19,19.06,-4.0,12.75,3.25,-0.35713430995075396,-0.06265039644976,0.004541552707616248,-111.99230089793316,66.5420400796265,-8.832292528579133,-0.0765,-0.8290000000000001,0.5486,-0.077
602,1857812.0,1055.1445609999998,1.0,2.04,0.58,-9.83,-11.88,-7.19,19.37,-1.06,13.44,1.37,-0.20617257141334794,-0.11360340809803082,-0.24678160997603624,-111.84900177480623,66.55574634912462,-9.257605761151561,-0.0795,-0.8283,0.5487,-0.0807
603,1857812.0,1055.1445609999998,1.0,2.04,0.58,-9.83,-11.88,-7.19,19.37,-1.06,13.44,1.37,-0.20617257141334794,-0.11360340809803082,-0.24678160997603624,-111.84900177480623,66.55574634912462,-9.257605761151561,-0.0795,-0.8283,0.5487,-0.0807
604,1857847.0,1055.15508,1.0,1.95,0.57,-9.28,-12.19,-8.0,18.56,-3.0,7.31,0.37,-0.21485095729639786,-0.12626223020448565,0.31014027719275283,-111.78766891146809,66.5420400796265,-9.464560757916416,-0.0814,-0.828,0.5486,-0.0825
605,1857847.0,1055.15508,1.0,1.95,0.57,-9.28,-12.19,-8.0,18.56,-3.0,7.31,0.37,-0.21485095729639786,-0.12626223020448565,0.31014027719275283,-111.78766891146809,66.5420400796265,-9.464560757916416,-0.0814,-0.828,0.5486,-0.0825
606,1857884.0,1055.170077,1.0,1.95,0.75,-9.04,-11.5,-6.5,19.06,-4.0,16.75,-0.06,-0.3797497277257896,-0.08324800038079849,0.5365119258004203,-111.6651483609591,66.5420400796265,-9.786552516199244,-0.0847,-0.8274,0.5486,-0.0853
607,1857884.0,1055.170077,1.0,1.95,0.75,-9.04,-11.5,-6.5,19.06,-4.0,16.75,-0.06,-0.3797497277257896,-0.08324800038079849,0.5365119258004203,-111.6651483609591,66.5420400796265,-9.786552516199244,-0.0847,-0.8274,0.5486,-0.0853
608,1857918.0,1055.17311,1.0,2.23,0.38,-9.64,-11.5,-6.5,19.06,0.0,16.37,-1.56,0.01738329469218031,-0.1957041107117417,-0.0932640259961932,-111.62435104940481,66.45982503485911,-10.154638119587414,-0.0874,-0.8272,0.5479999999999999,-0.0885
609,1857918.0,1055.17311,1.0,2.23,0.38,-9.64,-11.5,-6.5,19.06,0.0,16.37,-1.56,0.01738329469218031,-0.1957041107117417,-0.0932640259961932,-111.62435104940481,66.45982503485911,-10.154638119587414,-0.0874,-0.8272,0.5479999999999999,-0.0885
610,1857955.0,1055.217316,1.0,1.99,0.21,-9.18,-11.19,-8.0,18.5,-5.0,13.88,-1.81,0.09903437039710504,-0.4529747669513302,0.42253544113055774,-111.58357510903522,66.33657485995305,-10.48830635783265,-0.0911,-0.8270000000000001,0.5471,-0.0914
611,1857955.0,1055.217316,1.0,1.99,0.21,-9.18,-11.19,-8.0,18.5,-5.0,13.88,-1.81,0.09903437039710504,-0.4529747669513302,0.42253544113055774,-111.58357510903522,66.33657485995305,-10.48830635783265,-0.0911,-0.8270000000000001,0.5471,-0.0914
612,1857990.0,1055.272454,1.0,2.22,0.55,-8.96,-11.56,-6.88,19.25,-3.31,21.94,2.31,-0.13528638549686828,-0.1539194535359159,0.5616239645730357,-111.44102705802788,66.33657485995305,-10.902639624835572,-0.0946,-0.8263,0.5471,-0.095
613,1857990.0,1055.272454,1.0,2.22,0.55,-8.96,-11.56,-6.88,19.25,-3.31,21.94,2.31,-0.13528638549686828,-0.1539194535359159,0.5616239645730357,-111.44102705802788,66.33657485995305,-10.902639624835572,-0.0946,-0.8263,0.5471,-0.095
614,1858025.0,1055.327533,1.0,2.06,0.54,-8.18,-11.56,-6.88,19.25,2.19,58.06,3.31,-0.22801233359276654,-0.2879361175811043,1.3619650936271217,-111.09591679955122,66.26813997300863,-12.07737906844118,-0.1013,-0.8246,0.5466,-0.1052
615,1858025.0,1055.327533,1.0,2.06,0.54,-8.18,-11.56,-6.88,19.25,2.19,58.06,3.31,-0.22801233359276654,-0.2879361175811043,1.3619650936271217,-111.09591679955122,66.26813997300863,-12.07737906844118,-0.1013,-0.8246,0.5466,-0.1052
616,1858058.0,1055.34659,1.0,2.98,1.13,-7.63,-9.69,-7.56,19.0,4.0,166.81,0.25,-0.7202734708273469,0.1578564623856466,1.570723369407336,-109.81002132963994,65.51710409627202,-16.894639006068054,-0.1272,-0.8182,0.5411,-0.1469
617,1858058.0,1055.34659,1.0,2.98,1.13,-7.63,-9.69,-7.56,19.0,4.0,166.81,0.25,-0.7202734708273469,0.1578564623856466,1.570723369407336,-109.81002132963994,65.51710409627202,-16.894639006068054,-0.1272,-0.8182,0.5411,-0.1469
618,1858095.0,1055.3495189999999,1.0,4.56,1.1,-8.42,-9.69,-6.5,19.19,11.31,103.62,-3.06,-0.46312961059082597,0.6545094455109682,0.20159256396501668,-108.87862832095405,64.86423446267784,-20.09912503821932,-0.142,-0.8135,0.5363,-0.1745
619,1858095.0,1055.3495189999999,1.0,4.56,1.1,-8.42,-9.69,-6.5,19.19,11.31,103.62,-3.06,-0.46312961059082597,0.6545094455109682,0.20159256396501668,-108.87862832095405,64.86423446267784,-20.09912503821932,-0.142,-0.8135,0.5363,-0.1745
620,1858131.0,1055.388081,1.0,2.65,-0.35,-5.5,-9.69,-6.5,19.19,18.75,129.5,-7.13,0.3258173054262834,-0.6964074612123585,3.7400315241559396,-107.72420666963673,63.673390007198286,-24.24470448957822,-0.1599,-0.8076,0.5275,-0.21
621,1858131.0,1055.388081,1.0,2.65,-0.35,-5.5,-9.69,-6.5,19.19,18.75,129.5,-7.13,0.3258173054262834,-0.6964074612123585,3.7400315241559396,-107.72420666963673,63.673390007198286,-24.24470448957822,-0.1599,-0.8076,0.5275,-0.21
622,1858166.0,1055.404644,1.0,5.36,-0.54,-6.88,-11.88,-6.5,19.87,6.88,239.5,0.19,0.7968451636302093,-0.2087464905182821,1.1073935554585772,-105.25385814101205,62.22230638887762,-29.85540431723644,-0.1873,-0.7947,0.5167,-0.2576
623,1858166.0,1055.404644,1.0,5.36,-0.54,-6.88,-11.88,-6.5,19.87,6.88,239.5,0.19,0.7968451636302093,-0.2087464905182821,1.1073935554585772,-105.25385814101205,62.22230638887762,-29.85540431723644,-0.1873,-0.7947,0.5167,-0.2576
624,1858201.0,1055.443624,1.0,9.35,-0.03,-9.74,-13.25,-4.56,21.5,-9.25,205.19,2.81,0.2771479980809615,-0.5428295276662614,-3.6811046348921015,-101.23005073336391,60.38409728444597,-36.63712122701613,-0.2255,-0.7729,0.5029,-0.3143
625,1858201.0,1055.443624,1.0,9.35,-0.03,-9.74,-13.25,-4.56,21.5,-9.25,205.19,2.81,0.2771479980809615,-0.5428295276662614,-3.6811046348921015,-101.23005073336391,60.38409728444597,-36.63712122701613,-0.2255,-0.7729,0.5029,-0.3143
626,1858238.0,1055.5415619999999,1.0,8.23,1.64,-6.6,-16.69,-5.5,22.87,-7.31,179.5,4.25,-1.1058426936392305,0.7005447443174221,-0.7890495520887626,-98.66427811303318,59.36587885432352,-40.29034769423164,-0.2466,-0.7585,0.4952,-0.3444
627,1858238.0,1055.5415619999999,1.0,8.23,1.64,-6.6,-16.69,-5.5,22.87,-7.31,179.5,4.25,-1.1058426936392305,0.7005447443174221,-0.7890495520887626,-98.66427811303318,59.36587885432352,-40.29034769423164,-0.2466,-0.7585,0.4952,-0.3444
628,1858271.0,1055.545396,1.0,6.52,1.07,-3.14,-16.69,-5.5,22.87,-1.69,217.19,-9.38,-0.447640236678626,0.9762773873317072,2.570532209258124,-94.09183027952132,56.65360014298316,-46.8939256305629,-0.2843,-0.7319,0.4745,-0.3979
629,1858271.0,1055.545396,1.0,6.52,1.07,-3.14,-16.69,-5.5,22.87,-1.69,217.19,-9.38,-0.447640236678626,0.9762773873317072,2.570532209258124,-94.09183027952132,56.65360014298316,-46.8939256305629,-0.2843,-0.7319,0.4745,-0.3979
630,1858308.0,1055.548351,1.0,12.16,2.18,-7.51,-20.87,-5.19,22.19,-25.94,204.75,-17.94,-2.0411751684784387,-1.2006169301319818,-4.455545585486392,-89.70757138501837,54.05267163514365,-52.15672470466425,-0.3207,-0.7053,0.4544,-0.4396
631,1858308.0,1055.548351,1.0,12.16,2.18,-7.51,-20.87,-5.19,22.19,-25.94,204.75,-17.94,-2.0411751684784387,-1.2006169301319818,-4.455545585486392,-89.70757138501837,54.05267163514365,-52.15672470466425,-0.3207,-0.7053,0.4544,-0.4396
632,1858344.0,1055.5609949999998,1.0,10.05,2.08,-5.36,-26.75,-5.88,20.37,11.0,44.38,-15.63,-1.8501371693883324,-0.808831050678438,-1.5942835050208168,-87.84742865430181,52.463117579437494,-54.64519627292022,-0.3358,-0.6937,0.442,-0.45899999999999996
633,1858344.0,1055.5609949999998,1.0,10.05,2.08,-5.36,-26.75,-5.88,20.37,11.0,44.38,-15.63,-1.8501371693883324,-0.808831050678438,-1.5942835050208168,-87.84742865430181,52.463117579437494,-54.64519627292022,-0.3358,-0.6937,0.442,-0.45899999999999996
634,1858379.0,1055.6380800000002,1.0,9.76,0.48,-4.24,-26.75,-5.88,20.37,6.06,81.06,-14.44,-0.15625307319964055,-0.9279898335598428,-0.8037232189742145,-86.81774250688417,51.163694017238186,-56.31540097731903,-0.3444,-0.6872,0.4318,-0.4719
635,1858379.0,1055.6380800000002,1.0,9.76,0.48,-4.24,-26.75,-5.88,20.37,6.06,81.06,-14.44,-0.15625307319964055,-0.9279898335598428,-0.8037232189742145,-86.81774250688417,51.163694017238186,-56.31540097731903,-0.3444,-0.6872,0.4318,-0.4719
636,1858414.0,1055.648759,1.0,10.48,-0.15,-4.54,-30.25,-4.75,17.69,4.0,56.31,-4.5,0.2728798392472607,-1.756613170420584,-1.4762727934448507,-85.37510597064201,49.69442993487328,-58.41842386753149,-0.3544,-0.6779999999999999,0.4202,-0.488
637,1858414.0,1055.648759,1.0,10.48,-0.15,-4.54,-30.25,-4.75,17.69,4.0,56.31,-4.5,0.2728798392472607,-1.756613170420584,-1.4762727934448507,-85.37510597064201,49.69442993487328,-58.41842386753149,-0.3544,-0.6779999999999999,0.4202,-0.488
638,1858449.0,1055.6972119999998,1.0,9.65,0.39,-2.83,-32.69,-6.19,17.19,-1.81,29.0,-3.25,0.18852088155122385,-0.4326118109640564,-0.2462504221783437,-84.50513857353,49.12681310673511,-59.36587885432352,-0.3604,-0.6724,0.4157,-0.4952
639,1858449.0,1055.6972119999998,1.0,9.65,0.39,-2.83,-32.69,-6.19,17.19,-1.81,29.0,-3.25,0.18852088155122385,-0.4326118109640564,-0.2462504221783437,-84.50513857353,49.12681310673511,-59.36587885432352,-0.3604,-0.6724,0.4157,-0.4952
640,1858486.0,1055.704424,1.0,9.62,1.49,-2.16,-34.19,-5.38,14.38,-10.56,63.75,-7.44,-0.6510775254521686,0.3146471337311596,-0.1385596628017769,-83.34930824823599,48.522767881927,-60.38409728444597,-0.369,-0.6649,0.4109,-0.5029
641,1858486.0,1055.704424,1.0,9.62,1.49,-2.16,-34.19,-5.38,14.38,-10.56,63.75,-7.44,-0.6510775254521686,0.3146471337311596,-0.1385596628017769,-83.34930824823599,48.522767881927,-60.38409728444597,-0.369,-0.6649,0.4109,-0.5029
642,1858521.0,1055.721232,1.0,10.19,1.55,-2.86,-34.19,-5.38,14.38,-5.63,74.44,-13.0,-0.9952412853989324,-0.7202058765164894,-0.8192145897295671,-81.52121595690518,47.168860218257045,-62.249076797667115,-0.3827,-0.6529,0.4001,-0.5169
643,1858521.0,1055.721232,1.0,10.19,1.55,-2.86,-34.19,-5.38,14.38,-5.63,74.44,-13.0,-0.9952412853989324,-0.7202058765164894,-0.8192145897295671,-81.52121595690518,47.168860218257045,-62.249076797667115,-0.3827,-0.6529,0.4001,-0.5169
644,1858557.0,1055.760617,1.0,10.75,0.65,-3.46,-35.25,-6.75,12.38,13.31,-14.75,-7.94,-0.291379331435764,-1.5931005424509688,-1.388604742383242,-81.65744421958767,46.73159877782965,-62.40977867122138,-0.3831,-0.6538,0.3966,-0.5181
645,1858557.0,1055.760617,1.0,10.75,0.65,-3.46,-35.25,-6.75,12.38,13.31,-14.75,-7.94,-0.291379331435764,-1.5931005424509688,-1.388604742383242,-81.65744421958767,46.73159877782965,-62.40977867122138,-0.3831,-0.6538,0.3966,-0.5181
646,1858592.0,1055.784723,1.0,8.69,-0.33,-1.62,-35.88,-6.69,11.56,0.88,10.38,-1.12,1.0188927359665525,-0.4860119078247082,1.033107384952915,-82.24939344216158,46.63175471031061,-62.19553975386646,-0.3796,-0.6577,0.3958,-0.5165
647,1858592.0,1055.784723,1.0,8.69,-0.33,-1.62,-35.88,-6.69,11.56,0.88,10.38,-1.12,1.0188927359665525,-0.4860119078247082,1.033107384952915,-82.24939344216158,46.63175471031061,-62.19553975386646,-0.3796,-0.6577,0.3958,-0.5165
648,1858627.0,1055.868044,1.0,9.78,0.87,-2.19,-35.88,-6.69,11.56,-2.0,7.38,1.63,-0.15388153856833675,-0.4340978071807937,-0.2426922454352045,-81.9454979887247,46.60679955433233,-62.40977867122138,-0.381,-0.6557,0.3956,-0.5181
649,1858627.0,1055.868044,1.0,9.78,0.87,-2.19,-35.88,-6.69,11.56,-2.0,7.38,1.63,-0.15388153856833675,-0.4340978071807937,-0.2426922454352045,-81.9454979887247,46.60679955433233,-62.40977867122138,-0.381,-0.6557,0.3956,-0.5181
650,1858662.0,1055.871413,1.0,9.96,1.24,-2.55,-36.06,-6.88,12.69,-2.81,-5.94,-0.37,-0.5826420101681424,-0.5685358108397716,-0.5170603465653283,-82.0214061143213,46.7191162156521,-62.22230638887762,-0.381,-0.6562,0.3965,-0.5167
651,1858662.0,1055.871413,1.0,9.96,1.24,-2.55,-36.06,-6.88,12.69,-2.81,-5.94,-0.37,-0.5826420101681424,-0.5685358108397716,-0.5170603465653283,-82.0214061143213,46.7191162156521,-62.22230638887762,-0.381,-0.6562,0.3965,-0.5167
652,1858697.0,1055.874144,1.0,8.62,1.07,-1.39,-36.0,-6.06,11.69,1.81,-24.94,4.0,-0.15233656409528473,0.38287927954564416,1.019637024674754,-82.61499961080214,47.14385428992954,-61.580941721635504,-0.3773,-0.6601,0.3999,-0.5119
653,1858697.0,1055.874144,1.0,8.62,1.07,-1.39,-36.0,-6.06,11.69,1.81,-24.94,4.0,-0.15233656409528473,0.38287927954564416,1.019637024674754,-82.61499961080214,47.14385428992954,-61.580941721635504,-0.3773,-0.6601,0.3999,-0.5119
654,1858734.0,1055.912439,1.0,8.88,1.1,-1.74,-34.69,-6.5,14.25,-2.5,10.25,-4.44,-0.26362748403051106,0.10638631139218567,0.695602721974705,-82.59974558341173,47.131352218600796,-61.55426474750001,-0.3779,-0.66,0.3998,-0.5117
655,1858734.0,1055.912439,1.0,8.88,1.1,-1.74,-34.69,-6.5,14.25,-2.5,10.25,-4.44,-0.26362748403051106,0.10638631139218567,0.695602721974705,-82.59974558341173,47.131352218600796,-61.55426474750001,-0.3779,-0.66,0.3998,-0.5117
656,1858768.0,1055.929893,1.0,9.89,0.92,-2.79,-34.69,-6.5,14.25,-2.81,11.75,-1.12,-0.34690261415474,-0.8481023329256439,-0.4696811064396247,-82.31025694358621,46.968879343305815,-61.78113721204743,-0.3801,-0.6581,0.3985,-0.5134
657,1858768.0,1055.929893,1.0,9.89,0.92,-2.79,-34.69,-6.5,14.25,-2.81,11.75,-1.12,-0.34690261415474,-0.8481023329256439,-0.4696811064396247,-82.31025694358621,46.968879343305815,-61.78113721204743,-0.3801,-0.6581,0.3985,-0.5134
658,1858805.0,1055.932936,1.0,9.28,1.33,-2.28,-36.88,-6.06,12.25,-0.37,-19.87,1.63,-0.6121307909617482,-0.2449080063860789,0.18111022484117711,-82.49301728450641,47.21887922414317,-61.50092189108089,-0.3788,-0.6593,0.4005,-0.5113
659,1858805.0,1055.932936,1.0,9.28,1.33,-2.28,-36.88,-6.06,12.25,-0.37,-19.87,1.63,-0.6121307909617482,-0.2449080063860789,0.18111022484117711,-82.49301728450641,47.21887922414317,-61.50092189108089,-0.3788,-0.6593,0.4005,-0.5113
660,1858840.0,1056.011204,1.0,9.42,1.18,-2.39,-35.0,-6.5,14.38,1.5,-29.94,0.69,-0.4481879549604249,-0.26897261520114196,0.030777594465021707,-82.98163371130366,47.53171485619927,-60.955004938931104,-0.3761,-0.6625,0.40299999999999997,-0.5072
661,1858840.0,1056.011204,1.0,9.42,1.18,-2.39,-35.0,-6.5,14.38,1.5,-29.94,0.69,-0.4481879549604249,-0.26897261520114196,0.030777594465021707,-82.98163371130366,47.53171485619927,-60.955004938931104,-0.3761,-0.6625,0.40299999999999997,-0.5072
662,1858875.0,1056.1073470000001,1.0,9.17,1.11,-2.32,-35.0,-6.5,14.38,-1.06,4.88,-0.63,-0.3698027676572005,-0.1966514152455656,0.292031030544889,-83.31862865554434,47.70706703894191,-60.609606145201504,-0.3741,-0.6647,0.4044,-0.5046
663,1858875.0,1056.1073470000001,1.0,9.17,1.11,-2.32,-35.0,-6.5,14.38,-1.06,4.88,-0.63,-0.3698027676572005,-0.1966514152455656,0.292031030544889,-83.31862865554434,47.70706703894191,-60.609606145201504,-0.3741,-0.6647,0.4044,-0.5046
664,1858908.0,1056.159195,1.0,9.97,0.99,-3.09,-36.0,-6.5,14.0,-1.63,7.19,-3.19,-0.4107783022757385,-0.8578893727303143,-0.6348243695771156,-83.1806607941667,47.59432704723895,-60.7025381110459,-0.3757,-0.6638,0.4035,-0.5053
665,1858908.0,1056.159195,1.0,9.97,0.99,-3.09,-36.0,-6.5,14.0,-1.63,7.19,-3.19,-0.4107783022757385,-0.8578893727303143,-0.6348243695771156,-83.1806607941667,47.59432704723895,-60.7025381110459,-0.3757,-0.6638,0.4035,-0.5053
666,1858945.0,1056.218681,1.0,9.25,1.31,-2.34,-35.25,-6.38,14.75,0.69,-19.44,-0.81,-0.5150893455728622,-0.10240417281538083,0.1900811549561876,-83.45674446527082,47.78225428161778,-60.35758382043169,-0.3745,-0.6656,0.405,-0.5027
667,1858945.0,1056.218681,1.0,9.25,1.31,-2.34,-35.25,-6.38,14.75,0.69,-19.44,-0.81,-0.5150893455728622,-0.10240417281538083,0.1900811549561876,-83.45674446527082,47.78225428161778,-60.35758382043169,-0.3745,-0.6656,0.405,-0.5027
668,1858981.0,1056.2577130000002,1.0,9.16,1.2,-2.31,-35.25,-6.38,14.75,2.13,-21.06,-0.69,-0.38102092024768003,-0.04714920015759283,0.2916986069944567,-83.87198638988208,47.95777627551156,-59.94707947928739,-0.3722,-0.6683,0.4064,-0.4996
669,1858981.0,1056.2577130000002,1.0,9.16,1.2,-2.31,-35.25,-6.38,14.75,2.13,-21.06,-0.69,-0.38102092024768003,-0.04714920015759283,0.2916986069944567,-83.87198638988208,47.95777627551156,-59.94707947928739,-0.3722,-0.6683,0.4064,-0.4996
670,1859014.0,1056.335476,1.0,9.74,1.09,-3.06,-36.75,-6.38,14.5,1.06,-13.63,-0.94,-0.4174196197452393,-0.5897198693731156,-0.4352878701844461,-84.25767849428371,48.09577032776433,-59.590233417807454,-0.3703,-0.6708,0.4075,-0.4969
671,1859014.0,1056.335476,1.0,9.74,1.09,-3.06,-36.75,-6.38,14.5,1.06,-13.63,-0.94,-0.4174196197452393,-0.5897198693731156,-0.4352878701844461,-84.25767849428371,48.09577032776433,-59.590233417807454,-0.3703,-0.6708,0.4075,-0.4969
672,1859049.0,1056.450248,1.0,9.55,1.2,-2.97,-35.69,-6.69,14.88,0.63,-34.5,1.44,-0.4407532513169743,-0.3071379938427197,-0.2519186270061233,-85.06370833977694,48.56047848444357,-58.70745568211353,-0.3657,-0.6759999999999999,0.4112,-0.4902
673,1859049.0,1056.450248,1.0,9.55,1.2,-2.97,-35.69,-6.69,14.88,0.63,-34.5,1.44,-0.4407532513169743,-0.3071379938427197,-0.2519186270061233,-85.06370833977694,48.56047848444357,-58.70745568211353,-0.3657,-0.6759999999999999,0.4112,-0.4902
674,1859086.0,1056.462601,1.0,8.47,0.89,-2.2,-35.25,-6.38,16.06,10.13,-38.75,1.63,-0.008815986018403832,0.2420305161058949,1.0137924720024019,-86.01592640293836,49.000850954751044,-57.81539569637104,-0.3594,-0.6821,0.4147,-0.4834
675,1859086.0,1056.462601,1.0,8.47,0.89,-2.2,-35.25,-6.38,16.06,10.13,-38.75,1.63,-0.008815986018403832,0.2420305161058949,1.0137924720024019,-86.01592640293836,49.000850954751044,-57.81539569637104,-0.3594,-0.6821,0.4147,-0.4834
676,1859121.0,1056.466483,1.0,8.84,1.0,-3.05,-35.25,-6.38,16.06,-1.37,4.5,-0.25,-0.3396583032937208,-0.3681036536180715,0.4153118665284641,-86.14135405488717,49.013444327725786,-57.73686934640835,-0.3585,-0.6829,0.4148,-0.4828
677,1859121.0,1056.466483,1.0,8.84,1.0,-3.05,-35.25,-6.38,16.06,-1.37,4.5,-0.25,-0.3396583032937208,-0.3681036536180715,0.4153118665284641,-86.14135405488717,49.013444327725786,-57.73686934640835,-0.3585,-0.6829,0.4148,-0.4828
678,1859158.0,1056.513526,1.0,9.2,0.94,-3.1,-33.75,-6.0,17.69,-0.94,10.25,-3.06,-0.2454175178947653,-0.40475912377228096,0.06449724541677604,-85.98458949996679,48.862365423932296,-57.93324098050171,-0.3598,-0.6819,0.4136,-0.4843
679,1859158.0,1056.513526,1.0,9.2,0.94,-3.1,-33.75,-6.0,17.69,-0.94,10.25,-3.06,-0.2454175178947653,-0.40475912377228096,0.06449724541677604,-85.98458949996679,48.862365423932296,-57.93324098050171,-0.3598,-0.6819,0.4136,-0.4843
680,1859192.0,1056.532688,1.0,9.45,1.11,-3.15,-34.88,-6.0,16.87,-1.63,3.0,1.5,-0.3874299894921716,-0.3622050150087128,-0.2021364164615207,-85.79673551557339,48.824609844362676,-58.077365284994315,-0.3608,-0.6807,0.4133,-0.4854
681,1859192.0,1056.532688,1.0,9.45,1.11,-3.15,-34.88,-6.0,16.87,-1.63,3.0,1.5,-0.3874299894921716,-0.3622050150087128,-0.2021364164615207,-85.79673551557339,48.824609844362676,-58.077365284994315,-0.3608,-0.6807,0.4133,-0.4854
682,1859227.0,1056.535993,1.0,9.26,0.85,-3.02,-34.88,-6.0,16.87,-0.88,6.38,-1.37,-0.14131432357103368,-0.40352030796128746,0.038963394512673936,-85.74981673368876,48.78685991006569,-58.12979906907962,-0.3612,-0.6804,0.413,-0.4858
683,1859227.0,1056.535993,1.0,9.26,0.85,-3.02,-34.88,-6.0,16.87,-0.88,6.38,-1.37,-0.14131432357103368,-0.40352030796128746,0.038963394512673936,-85.74981673368876,48.78685991006569,-58.12979906907962,-0.3612,-0.6804,0.413,-0.4858
684,1859262.0,1056.5768,1.0,10.07,0.99,-3.71,-34.5,-5.56,15.69,-2.75,-0.5,1.88,-0.3723391610005207,-0.8035937543202027,-0.9341460890803166,-85.65603262918377,48.837194409972604,-58.14290959834098,-0.3618,-0.6798,0.4134,-0.4859
685,1859262.0,1056.5768,1.0,10.07,0.99,-3.71,-34.5,-5.56,15.69,-2.75,-0.5,1.88,-0.3723391610005207,-0.8035937543202027,-0.9341460890803166,-85.65603262918377,48.837194409972604,-58.14290959834098,-0.3618,-0.6798,0.4134,-0.4859
686,1859297.0,1056.584284,1.0,8.98,1.1,-2.79,-34.5,-6.0,15.25,-1.06,-2.94,2.25,-0.3445051340769833,-0.13009517006609414,0.34626462416461123,-85.71854745258325,49.013444327725786,-58.0118417792849,-0.3607,-0.6802,0.4148,-0.4849
687,1859297.0,1056.584284,1.0,8.98,1.1,-2.79,-34.5,-6.0,15.25,-1.06,-2.94,2.25,-0.3445051340769833,-0.13009517006609414,0.34626462416461123,-85.71854745258325,49.013444327725786,-58.0118417792849,-0.3607,-0.6802,0.4148,-0.4849
688,1859334.0,1056.602656,1.0,9.13,1.22,-2.83,-34.5,-6.0,17.25,-0.12,2.06,1.63,-0.4540283324269478,-0.09359796810982003,0.18171895122259585,-85.62478707023612,49.063824131557034,-58.077365284994315,-0.3609,-0.6796,0.4152,-0.4854
689,1859334.0,1056.602656,1.0,9.13,1.22,-2.83,-34.5,-6.0,17.25,-0.12,2.06,1.63,-0.4540283324269478,-0.09359796810982003,0.18171895122259585,-85.62478707023612,49.063824131557034,-58.077365284994315,-0.3609,-0.6796,0.4152,-0.4854
690,1859368.0,1056.605741,1.0,9.66,0.75,-3.55,-34.5,-6.0,17.25,-0.19,6.81,-2.56,-0.1771464458771106,-0.8328064093865801,-0.4771067367765838,-85.59354940204219,48.96307461903554,-58.10358051110581,-0.3618,-0.6794,0.4144,-0.4856
691,1859368.0,1056.605741,1.0,9.66,0.75,-3.55,-34.5,-6.0,17.25,-0.19,6.81,-2.56,-0.1771464458771106,-0.8328064093865801,-0.4771067367765838,-85.59354940204219,48.96307461903554,-58.10358051110581,-0.3618,-0.6794,0.4144,-0.4856
692,1859405.0,1056.645704,1.0,8.83,1.0,-2.78,-36.0,-6.0,16.06,-0.81,-8.88,3.63,-0.2812486360459252,-0.1907135717294364,0.5017143452906918,-85.65603262918377,49.1016156188802,-57.98563819390608,-0.3609,-0.6798,0.4155,-0.4847
693,1859405.0,1056.645704,1.0,8.83,1.0,-2.78,-36.0,-6.0,16.06,-0.81,-8.88,3.63,-0.2812486360459252,-0.1907135717294364,0.5017143452906918,-85.65603262918377,49.1016156188802,-57.98563819390608,-0.3609,-0.6798,0.4155,-0.4847
694,1859440.0,1056.655227,1.0,8.87,1.27,-2.74,-35.69,-5.56,16.5,-1.69,-2.5,1.44,-0.50995325947582,-0.022569923638178,0.4505376518237032,-85.65603262918377,49.227628404888755,-57.920143749681635,-0.3605,-0.6798,0.4165,-0.4842
695,1859440.0,1056.655227,1.0,8.87,1.27,-2.74,-35.69,-5.56,16.5,-1.69,-2.5,1.44,-0.50995325947582,-0.022569923638178,0.4505376518237032,-85.65603262918377,49.227628404888755,-57.920143749681635,-0.3605,-0.6798,0.4165,-0.4842
696,1859473.0,1056.67174,1.0,9.17,0.97,-3.13,-35.69,-5.56,16.5,-4.38,1.56,-4.94,-0.2788281920960041,-0.4212669440210186,0.08186265007981497,-85.78109393885542,49.202420774371426,-57.69761729678852,-0.3616,-0.6806,0.4163,-0.4825
697,1859473.0,1056.67174,1.0,9.17,0.97,-3.13,-35.69,-5.56,16.5,-4.38,1.56,-4.94,-0.2788281920960041,-0.4212669440210186,0.08186265007981497,-85.78109393885542,49.202420774371426,-57.69761729678852,-0.3616,-0.6806,0.4163,-0.4825
698,1859510.0,1056.675388,1.0,9.1,1.14,-3.11,-36.0,-6.0,16.87,-5.38,3.44,-1.0,-0.4206274954722407,-0.3556449062703848,0.13823290045900727,-85.79673551557339,49.21502427217554,-57.579905543790595,-0.3625,-0.6807,0.4164,-0.4816
699,1859510.0,1056.675388,1.0,9.1,1.14,-3.11,-36.0,-6.0,16.87,-5.38,3.44,-1.0,-0.4206274954722407,-0.3556449062703848,0.13823290045900727,-85.79673551557339,49.21502427217554,-57.579905543790595,-0.3625,-0.6807,0.4164,-0.4816
700,1859545.0,1056.7194029999998,1.0,9.14,1.23,-2.93,-34.5,-5.19,17.25,-5.19,6.44,-1.5,-0.3932354768745423,-0.1744724958079864,0.1395757162296647,-85.78109393885542,49.17721568249704,-57.39693028480898,-0.3648,-0.6806,0.4161,-0.4802
701,1859545.0,1056.7194029999998,1.0,9.14,1.23,-2.93,-34.5,-5.19,17.25,-5.19,6.44,-1.5,-0.3932354768745423,-0.1744724958079864,0.1395757162296647,-85.78109393885542,49.17721568249704,-57.39693028480898,-0.3648,-0.6806,0.4161,-0.4802
702,1859579.0,1056.832173,1.0,9.9,1.24,-3.56,-34.5,-5.19,17.25,-2.75,0.88,-1.25,-0.4751878858211838,-0.5989078138060455,-0.7591772702013682,-85.67165837028584,49.15201312727976,-57.436125785536824,-0.366,-0.6799,0.4159,-0.4805
703,1859579.0,1056.832173,1.0,9.9,1.24,-3.56,-34.5,-5.19,17.25,-2.75,0.88,-1.25,-0.4751878858211838,-0.5989078138060455,-0.7591772702013682,-85.67165837028584,49.15201312727976,-57.436125785536824,-0.366,-0.6799,0.4159,-0.4805
704,1859612.0,1056.9589999999998,1.0,9.04,1.23,-3.0,-34.19,-6.38,16.06,1.12,-4.63,-0.94,-0.4170370572742794,-0.2502671896986164,0.21509400388444,-85.81237907644234,49.2528385760365,-57.22716779893635,-0.3654,-0.6808,0.4167,-0.4789
705,1859612.0,1056.9589999999998,1.0,9.04,1.23,-3.0,-34.19,-6.38,16.06,1.12,-4.63,-0.94,-0.4170370572742794,-0.2502671896986164,0.21509400388444,-85.81237907644234,49.2528385760365,-57.22716779893635,-0.3654,-0.6808,0.4167,-0.4789
706,1859649.0,1056.968324,1.0,9.35,1.24,-3.08,-34.88,-6.0,16.87,-0.37,-3.81,-0.44,-0.3873382953980185,-0.23255578875207106,-0.10507976074489812,-85.89062667972252,49.290658600791176,-57.148862161344155,-0.3649,-0.6813,0.41700000000000004,-0.4783
707,1859649.0,1056.968324,1.0,9.35,1.24,-3.08,-34.88,-6.0,16.87,-0.37,-3.81,-0.44,-0.3873382953980185,-0.23255578875207106,-0.10507976074489812,-85.89062667972252,49.290658600791176,-57.148862161344155,-0.3649,-0.6813,0.41700000000000004,-0.4783
708,1859684.0,1056.976475,1.0,9.03,1.16,-2.92,-35.69,-6.69,16.87,0.81,-4.0,-0.06,-0.2936079408145693,-0.15197253296805946,0.251358339024188,-86.10998511892349,49.341094211246,-56.91411976899951,-0.3641,-0.6827,0.4174,-0.4765
709,1859684.0,1056.976475,1.0,9.03,1.16,-2.92,-35.69,-6.69,16.87,0.81,-4.0,-0.06,-0.2936079408145693,-0.15197253296805946,0.251358339024188,-86.10998511892349,49.341094211246,-56.91411976899951,-0.3641,-0.6827,0.4174,-0.4765
710,1859717.0,1056.980131,1.0,9.2,1.09,-3.17,-35.69,-6.69,16.87,1.12,0.06,-1.06,-0.2617359298360966,-0.3536046222997762,0.024857829128597686,-86.23550907382523,49.31587513221956,-56.7968463150502,-0.3641,-0.6835,0.4172,-0.4756
711,1859717.0,1056.980131,1.0,9.2,1.09,-3.17,-35.69,-6.69,16.87,1.12,0.06,-1.06,-0.2617359298360966,-0.3536046222997762,0.024857829128597686,-86.23550907382523,49.31587513221956,-56.7968463150502,-0.3641,-0.6835,0.4172,-0.4756
712,1859753.0,1057.0284359999998,1.0,9.1,1.23,-2.84,-34.5,-6.38,16.5,1.31,-0.5,-0.19,-0.2843390071068099,-0.008949542882224605,0.19896707253410106,-86.32973658874529,49.341094211246,-56.692657696890706,-0.3637,-0.6841,0.4174,-0.4748
713,1859753.0,1057.0284359999998,1.0,9.1,1.23,-2.84,-34.5,-6.38,16.5,1.31,-0.5,-0.19,-0.2843390071068099,-0.008949542882224605,0.19896707253410106,-86.32973658874529,49.341094211246,-56.692657696890706,-0.3637,-0.6841,0.4174,-0.4748
714,1859788.0,1057.047537,1.0,9.4,0.93,-3.26,-34.88,-6.38,16.87,0.56,7.38,-1.75,-0.08954173469886584,-0.4518498808942784,-0.17534949723916782,-86.32973658874529,49.24023317275956,-56.74474561080106,-0.3643,-0.6841,0.4166,-0.4752
715,1859788.0,1057.047537,1.0,9.4,0.93,-3.26,-34.88,-6.38,16.87,0.56,7.38,-1.75,-0.08954173469886584,-0.4518498808942784,-0.17534949723916782,-86.32973658874529,49.24023317275956,-56.74474561080106,-0.3643,-0.6841,0.4166,-0.4752
716,1859823.0,1057.0505449999998,1.0,9.31,1.11,-3.15,-34.88,-6.38,16.87,-1.06,-2.31,-0.56,-0.2300050301909953,-0.30761934040635497,-0.07682955061853569,-86.32973658874529,49.21502427217554,-56.731722434017684,-0.3645,-0.6841,0.4164,-0.4751
717,1859823.0,1057.0505449999998,1.0,9.31,1.11,-3.15,-34.88,-6.38,16.87,-1.06,-2.31,-0.56,-0.2300050301909953,-0.30761934040635497,-0.07682955061853569,-86.32973658874529,49.21502427217554,-56.731722434017684,-0.3645,-0.6841,0.4164,-0.4751
718,1859858.0,1057.059621,1.0,9.2,1.07,-3.12,-33.75,-6.38,16.5,-1.5,-2.56,-2.0,-0.1911145296172472,-0.3090228260397201,0.040008810238008514,-86.4083150637589,49.24023317275956,-56.62756576019291,-0.3645,-0.6846,0.4166,-0.4743
719,1859858.0,1057.059621,1.0,9.2,1.07,-3.12,-33.75,-6.38,16.5,-1.5,-2.56,-2.0,-0.1911145296172472,-0.3090228260397201,0.040008810238008514,-86.4083150637589,49.24023317275956,-56.62756576019291,-0.3645,-0.6846,0.4166,-0.4743
720,1859895.0,1057.152999,1.0,9.28,1.17,-3.09,-35.69,-7.06,16.87,-3.38,-0.81,-0.06,-0.2399554228731473,-0.21578395165437336,-0.03871737157340327,-86.4554864472463,49.290658600791176,-56.49744158979394,-0.3648,-0.6849,0.41700000000000004,-0.4733
721,1859895.0,1057.152999,1.0,9.28,1.17,-3.09,-35.69,-7.06,16.87,-3.38,-0.81,-0.06,-0.2399554228731473,-0.21578395165437336,-0.03871737157340327,-86.4554864472463,49.290658600791176,-56.49744158979394,-0.3648,-0.6849,0.41700000000000004,-0.4733
722,1859930.0,1057.160992,1.0,9.26,1.17,-3.09,-35.69,-7.06,16.87,-1.88,1.0,0.12,-0.2301193326452477,-0.2100180908360585,-0.02022831888969812,-86.5026760902236,49.341094211246,-56.38039768350901,-0.365,-0.6852,0.4174,-0.4724
723,1859930.0,1057.160992,1.0,9.26,1.17,-3.09,-35.69,-7.06,16.87,-1.88,1.0,0.12,-0.2301193326452477,-0.2100180908360585,-0.02022831888969812,-86.5026760902236,49.341094211246,-56.38039768350901,-0.365,-0.6852,0.4174,-0.4724
724,1859962.0,1057.2180779999999,1.0,9.28,1.1,-3.18,-36.0,-6.38,16.06,-0.88,6.19,-1.06,-0.18720560647863227,-0.33105221300917403,-0.0572315125266325,-86.47121429796438,49.26544461496822,-56.40640189813039,-0.3657,-0.685,0.4168,-0.4726
725,1859962.0,1057.2180779999999,1.0,9.28,1.1,-3.18,-36.0,-6.38,16.06,-0.88,6.19,-1.06,-0.18720560647863227,-0.33105221300917403,-0.0572315125266325,-86.47121429796438,49.26544461496822,-56.40640189813039,-0.3657,-0.685,0.4168,-0.4726
726,1859997.0,1057.2341119999999,1.0,9.83,1.06,-3.48,-36.0,-6.69,16.06,-1.56,1.81,-0.44,-0.14193670554719695,-0.5223838271442052,-0.6609127110018579,-86.36116191059776,49.202420774371426,-56.48443354177373,-0.3668,-0.6843,0.4163,-0.4732
727,1859997.0,1057.2341119999999,1.0,9.83,1.06,-3.48,-36.0,-6.69,16.06,-1.56,1.81,-0.44,-0.14193670554719695,-0.5223838271442052,-0.6609127110018579,-86.36116191059776,49.202420774371426,-56.48443354177373,-0.3668,-0.6843,0.4163,-0.4732
728,1860034.0,1057.237147,1.0,9.41,1.27,-3.13,-35.69,-6.38,16.5,0.0,-4.81,0.94,-0.2995281333107178,-0.19230049143576,-0.18490660637265144,-86.4083150637589,49.341094211246,-56.36739676228097,-0.3661,-0.6846,0.4174,-0.4723
729,1860034.0,1057.237147,1.0,9.41,1.27,-3.13,-35.69,-6.38,16.5,0.0,-4.81,0.94,-0.2995281333107178,-0.19230049143576,-0.18490660637265144,-86.4083150637589,49.341094211246,-56.36739676228097,-0.3661,-0.6846,0.4174,-0.4723
730,1860069.0,1057.2789619999999,1.0,9.25,1.12,-3.15,-35.69,-6.38,16.5,0.88,-5.5,-0.31,-0.19163891191971286,-0.2782790381767968,-0.02316359458813011,-86.51841003393099,49.39154002007115,-56.250423997675526,-0.3654,-0.6853,0.4178,-0.4714
731,1860069.0,1057.2789619999999,1.0,9.25,1.12,-3.15,-35.69,-6.38,16.5,0.88,-5.5,-0.31,-0.19163891191971286,-0.2782790381767968,-0.02316359458813011,-86.51841003393099,49.39154002007115,-56.250423997675526,-0.3654,-0.6853,0.4178,-0.4714
732,1860106.0,1057.3028539999998,1.0,9.19,1.0,-3.0,-36.0,-7.06,16.5,0.37,-1.94,0.69,-0.03216799578760265,-0.17272200310377614,0.0893853473474433,-86.66010715009037,49.45461164689416,-56.12052906282052,-0.3645,-0.6862,0.4183,-0.4704
733,1860106.0,1057.3028539999998,1.0,9.19,1.0,-3.0,-36.0,-7.06,16.5,0.37,-1.94,0.69,-0.03216799578760265,-0.17272200310377614,0.0893853473474433,-86.66010715009037,49.45461164689416,-56.12052906282052,-0.3645,-0.6862,0.4183,-0.4704
