,TIME,ELAPSED_SECONDS,PSTATE,acc_x,acc_y,acc_z,mag_x,mag_y,mag_z,gyr_x,gyr_y,gyr_z,lin_x,lin_y,lin_z,eul_x,eul_y,eul_z,qua_w,qua_x,qua_y,qua_z
0,661909.0,625.9518889999999,1.0,1.4,2.54,-9.58,8.38,-18.37,33.25,-8.63,-1.94,2.06,0.2992678808671337,-0.6562989185421457,-0.17672169822909645,-128.76486449761614,-48.133417932241116,-10.327214181692757,-0.1119,-0.9017,-0.4078,-0.09
1,661909.0,625.9518889999999,1.0,1.4,2.54,-9.58,8.38,-18.37,33.25,-8.63,-1.94,2.06,0.2992678808671337,-0.6562989185421457,-0.17672169822909645,-128.76486449761614,-48.133417932241116,-10.327214181692757,-0.1119,-0.9017,-0.4078,-0.09
2,661944.0,625.98544,1.0,1.24,2.66,-9.55,8.38,-18.37,33.25,2.0,-4.5,1.69,0.29321613617124603,-0.48448209647635704,-0.1680681110887896,-128.8444329155711,-48.045582104940436,-10.22366575133618,-0.1133,-0.902,-0.4071,-0.0891
3,661944.0,625.98544,1.0,1.24,2.66,-9.55,8.38,-18.37,33.25,2.0,-4.5,1.69,0.29321613617124603,-0.48448209647635704,-0.1680681110887896,-128.8444329155711,-48.045582104940436,-10.22366575133618,-0.1133,-0.902,-0.4071,-0.0891
4,661977.0,625.992395,1.0,0.8,2.13,-9.82,8.75,-19.5,33.25,-1.56,-5.31,1.81,-0.3896093858866447,-0.5172116462530703,-0.2526738659170942,-129.00391708769308,-47.982860599138895,-9.982085146289721,-0.1118,-0.9026,-0.4066,-0.087
5,661977.0,625.992395,1.0,0.8,2.13,-9.82,8.75,-19.5,33.25,-1.56,-5.31,1.81,-0.3896093858866447,-0.5172116462530703,-0.2526738659170942,-129.00391708769308,-47.982860599138895,-9.982085146289721,-0.1118,-0.9026,-0.4066,-0.087
6,662011.0,626.010304,1.0,0.57,2.54,-9.18,8.38,-18.37,34.56,1.12,-2.06,3.0,-0.09371643648761767,-0.024252693630611333,0.265186326308017,-128.87098138309108,-48.058128241744505,-9.947577287046574,-0.1132,-0.9021,-0.4072,-0.0867
7,662011.0,626.010304,1.0,0.57,2.54,-9.18,8.38,-18.37,34.56,1.12,-2.06,3.0,-0.09371643648761767,-0.024252693630611333,0.265186326308017,-128.87098138309108,-48.058128241744505,-9.947577287046574,-0.1132,-0.9021,-0.4072,-0.0867
8,662048.0,626.055249,1.0,0.6,2.17,-9.61,8.06,-18.0,33.25,8.38,4.31,3.81,-0.4150545988642585,-0.28344173505799763,-0.05075282542967408,-129.03054304377298,-48.02049166769566,-9.92457255015729,-0.1099,-0.9027,-0.4069,-0.0865
9,662048.0,626.055249,1.0,0.6,2.17,-9.61,8.06,-18.0,33.25,8.38,4.31,3.81,-0.4150545988642585,-0.28344173505799763,-0.05075282542967408,-129.03054304377298,-48.02049166769566,-9.92457255015729,-0.1099,-0.9027,-0.4069,-0.0865
10,662081.0,626.113028,1.0,0.6,2.78,-9.29,8.06,-18.0,33.25,-0.75,10.0,2.75,0.07799432733108191,0.17390999771024185,0.09293947324449904,-129.0571819857357,-47.982860599138895,-10.097117916179354,-0.1093,-0.9028,-0.4066,-0.08800000000000001
11,662081.0,626.113028,1.0,0.6,2.78,-9.29,8.06,-18.0,33.25,-0.75,10.0,2.75,0.07799432733108191,0.17390999771024185,0.09293947324449904,-129.0571819857357,-47.982860599138895,-10.097117916179354,-0.1093,-0.9028,-0.4066,-0.08800000000000001
12,662118.0,626.129447,1.0,1.05,2.53,-9.95,8.38,-19.06,33.0,25.62,24.62,13.19,0.009817348663050285,-0.2103153150932462,-0.5113716654115699,-129.43150224575868,-47.71959673028522,-10.637910557080565,-0.1011,-0.9042,-0.4045,-0.0927
13,662118.0,626.129447,1.0,1.05,2.53,-9.95,8.38,-19.06,33.0,25.62,24.62,13.19,0.009817348663050285,-0.2103153150932462,-0.5113716654115699,-129.43150224575868,-47.71959673028522,-10.637910557080565,-0.1011,-0.9042,-0.4045,-0.0927
14,662153.0,626.1643230000001,1.0,1.07,2.62,-9.96,7.25,-19.06,33.75,21.0,37.38,6.38,0.058682028866309466,0.044841055306468425,-0.5473562632416424,-129.64656611878056,-47.606851295352534,-11.248026360967863,-0.0923,-0.905,-0.4036,-0.098
15,662153.0,626.1643230000001,1.0,1.07,2.62,-9.96,7.25,-19.06,33.75,21.0,37.38,6.38,0.058682028866309466,0.044841055306468425,-0.5473562632416424,-129.64656611878056,-47.606851295352534,-11.248026360967863,-0.0923,-0.905,-0.4036,-0.098
16,662188.0,626.227183,1.0,2.48,2.67,-10.46,7.25,-19.06,33.75,24.62,11.63,15.0,0.8819351729585978,-0.7104217430522943,-1.211897603822251,-129.97078188553854,-47.40653562717492,-11.950632395319571,-0.0797,-0.9062,-0.402,-0.1041
17,662188.0,626.227183,1.0,2.48,2.67,-10.46,7.25,-19.06,33.75,24.62,11.63,15.0,0.8819351729585978,-0.7104217430522943,-1.211897603822251,-129.97078188553854,-47.40653562717492,-11.950632395319571,-0.0797,-0.9062,-0.402,-0.1041
18,662222.0,626.2867610000001,1.0,2.46,2.14,-10.54,6.19,-18.0,34.06,42.63,-7.56,20.06,0.6219283570450931,-0.9160957437878398,-1.1704522454433306,-130.6800872399157,-46.968879343305815,-11.512892133606984,-0.07200000000000001,-0.9088,-0.3985,-0.1003
19,662222.0,626.2867610000001,1.0,2.46,2.14,-10.54,6.19,-18.0,34.06,42.63,-7.56,20.06,0.6219283570450931,-0.9160957437878398,-1.1704522454433306,-130.6800872399157,-46.968879343305815,-11.512892133606984,-0.07200000000000001,-0.9088,-0.3985,-0.1003
20,662259.0,626.304065,1.0,2.52,1.81,-10.38,6.19,-17.25,34.88,33.56,-71.94,18.56,0.8955896373232736,-1.1644627951672544,-0.927074684385678,-131.98719464152978,-46.29505700445262,-9.441564242690683,-0.0651,-0.9135,-0.3931,-0.0823
21,662259.0,626.304065,1.0,2.52,1.81,-10.38,6.19,-17.25,34.88,33.56,-71.94,18.56,0.8955896373232736,-1.1644627951672544,-0.927074684385678,-131.98719464152978,-46.29505700445262,-9.441564242690683,-0.0651,-0.9135,-0.3931,-0.0823
22,662294.0,626.307117,1.0,2.71,0.01,-10.75,6.19,-17.25,34.88,16.12,-154.94,33.88,0.3044177357423349,-2.887268851846533,-0.8927756116542209,-133.50255170239728,-45.287480525770206,-5.8926027489674295,-0.07,-0.9188,-0.385,-0.0514
23,662294.0,626.307117,1.0,2.71,0.01,-10.75,6.19,-17.25,34.88,16.12,-154.94,33.88,0.3044177357423349,-2.887268851846533,-0.8927756116542209,-133.50255170239728,-45.287480525770206,-5.8926027489674295,-0.07,-0.9188,-0.385,-0.0514
24,662329.0,626.351315,1.0,-1.04,0.69,-8.54,6.56,-16.06,35.25,-38.0,-197.94,19.19,-0.8506971759653299,-0.4915232810831367,1.232035187720799,-134.61838734283256,-43.579286875788114,0.6760941207657828,-0.1047,-0.9226,-0.3712,0.0059
25,662329.0,626.351315,1.0,-1.04,0.69,-8.54,6.56,-16.06,35.25,-38.0,-197.94,19.19,-0.8506971759653299,-0.4915232810831367,1.232035187720799,-134.61838734283256,-43.579286875788114,0.6760941207657828,-0.1047,-0.9226,-0.3712,0.0059
26,662364.0,626.368782,1.0,-2.25,-0.39,-7.04,12.5,-16.5,33.69,-44.38,-221.38,35.19,-1.9261542670386795,-0.8459306429489339,2.7108391874931783,-134.588690989807,-41.90575353350423,6.00734895779625,-0.1354,-0.9225,-0.3576,0.0524
27,662364.0,626.368782,1.0,-2.25,-0.39,-7.04,12.5,-16.5,33.69,-44.38,-221.38,35.19,-1.9261542670386795,-0.8459306429489339,2.7108391874931783,-134.588690989807,-41.90575353350423,6.00734895779625,-0.1354,-0.9225,-0.3576,0.0524
28,662401.0,626.409537,1.0,-3.06,2.07,-5.08,18.06,-17.56,30.06,-55.69,-90.87,38.31,-0.7326958802443002,1.3486846875574487,3.7157464249447263,-133.61881240543406,-39.97315559242056,9.970582425862727,-0.1754,-0.9192,-0.3418,0.0869
29,662401.0,626.409537,1.0,-3.06,2.07,-5.08,18.06,-17.56,30.06,-55.69,-90.87,38.31,-0.7326958802443002,1.3486846875574487,3.7157464249447263,-133.61881240543406,-39.97315559242056,9.970582425862727,-0.1754,-0.9192,-0.3418,0.0869
30,662435.0,626.4714150000001,1.0,-3.71,1.58,-4.79,18.06,-17.56,30.06,-25.06,30.5,44.13,-1.7268852024442969,1.3619003609600884,3.94425331396828,-134.4108976122917,-38.48899785121896,9.246109154854068,-0.1871,-0.9219,-0.3296,0.0806
31,662435.0,626.4714150000001,1.0,-3.71,1.58,-4.79,18.06,-17.56,30.06,-25.06,30.5,44.13,-1.7268852024442969,1.3619003609600884,3.94425331396828,-134.4108976122917,-38.48899785121896,9.246109154854068,-0.1871,-0.9219,-0.3296,0.0806
32,662472.0,626.4889519999999,1.0,-2.08,2.46,-6.26,20.37,-19.87,27.69,-28.06,194.25,46.25,-0.3794755407201888,0.7311172794331828,2.814721379246686,-135.79128033679729,-38.197829443298346,4.596353909147252,-0.1816,-0.9265,-0.3272,0.0401
33,662472.0,626.4889519999999,1.0,-2.08,2.46,-6.26,20.37,-19.87,27.69,-28.06,194.25,46.25,-0.3794755407201888,0.7311172794331828,2.814721379246686,-135.79128033679729,-38.197829443298346,4.596353909147252,-0.1816,-0.9265,-0.3272,0.0401
34,662507.0,626.564525,1.0,-0.9,3.19,-7.65,18.06,-20.87,27.69,-13.69,247.06,33.0,-0.16186710041994568,0.8168058880341564,1.5111556094844834,-136.68295663578678,-38.53755098296754,-4.573417240623146,-0.1603,-0.9294,-0.33,-0.0399
35,662507.0,626.564525,1.0,-0.9,3.19,-7.65,18.06,-20.87,27.69,-13.69,247.06,33.0,-0.16186710041994568,0.8168058880341564,1.5111556094844834,-136.68295663578678,-38.53755098296754,-4.573417240623146,-0.1603,-0.9294,-0.33,-0.0399
36,662542.0,626.574204,1.0,1.81,4.88,-8.78,18.06,-20.87,27.69,-11.94,347.31,15.38,1.5057687977327665,0.9008311141488572,-0.24820274042120086,-134.97619058332577,-39.48578948035391,-13.622622983127284,-0.1357,-0.9238,-0.3378,-0.1186
37,662542.0,626.574204,1.0,1.81,4.88,-8.78,18.06,-20.87,27.69,-11.94,347.31,15.38,1.5057687977327665,0.9008311141488572,-0.24820274042120086,-134.97619058332577,-39.48578948035391,-13.622622983127284,-0.1357,-0.9238,-0.3378,-0.1186
38,662577.0,626.576654,1.0,4.12,5.31,-10.69,10.69,-21.56,29.69,24.75,304.75,10.19,1.0221024157977625,0.944763216163108,-2.7436220734255587,-130.43348264858346,-40.69340241756593,-24.78412249918103,-0.0936,-0.9079,-0.3477,-0.2146
39,662577.0,626.576654,1.0,4.12,5.31,-10.69,10.69,-21.56,29.69,24.75,304.75,10.19,1.0221024157977625,0.944763216163108,-2.7436220734255587,-130.43348264858346,-40.69340241756593,-24.78412249918103,-0.0936,-0.9079,-0.3477,-0.2146
40,662614.0,626.6342530000001,1.0,6.65,3.11,-12.08,1.25,-22.06,32.56,45.31,196.13,10.75,-0.2732206712929264,-1.2028874782897159,-4.275232408944906,-127.24853393391231,-41.31734313597096,-30.47253865250361,-0.0617,-0.8959,-0.3528,-0.2628
41,662614.0,626.6342530000001,1.0,6.65,3.11,-12.08,1.25,-22.06,32.56,45.31,196.13,10.75,-0.2732206712929264,-1.2028874782897159,-4.275232408944906,-127.24853393391231,-41.31734313597096,-30.47253865250361,-0.0617,-0.8959,-0.3528,-0.2628
42,662650.0,626.692338,1.0,7.12,3.48,-11.68,-6.5,-21.25,32.56,-4.25,72.19,13.13,-0.3088662546813148,-0.516245846886378,-4.295310568030665,-124.99731160468365,-41.17041905633896,-34.435022863600715,-0.0446,-0.887,-0.3516,-0.29600000000000004
43,662650.0,626.692338,1.0,7.12,3.48,-11.68,-6.5,-21.25,32.56,-4.25,72.19,13.13,-0.3088662546813148,-0.516245846886378,-4.295310568030665,-124.99731160468365,-41.17041905633896,-34.435022863600715,-0.0446,-0.887,-0.3516,-0.29600000000000004
44,662683.0,626.710559,1.0,7.66,3.53,-11.23,-6.5,-21.25,32.56,6.5,-43.56,15.25,0.5091100175228115,-0.8933156970031286,-4.200212391540292,-126.02359896120804,-40.668959944372276,-33.57225481905068,-0.0437,-0.8911,-0.3475,-0.2888
45,662683.0,626.710559,1.0,7.66,3.53,-11.23,-6.5,-21.25,32.56,6.5,-43.56,15.25,0.5091100175228115,-0.8933156970031286,-4.200212391540292,-126.02359896120804,-40.668959944372276,-33.57225481905068,-0.0437,-0.8911,-0.3475,-0.2888
46,662722.0,626.713828,1.0,6.88,2.8,-11.74,-8.69,-19.87,31.0,0.56,-235.06,18.56,0.3283888845187513,-1.5097482078644908,-3.9996826444561098,-129.45833846115224,-40.02193352838936,-28.860354735501215,-0.055999999999999994,-0.9043,-0.3422,-0.2492
47,662722.0,626.713828,1.0,6.88,2.8,-11.74,-8.69,-19.87,31.0,0.56,-235.06,18.56,0.3283888845187513,-1.5097482078644908,-3.9996826444561098,-129.45833846115224,-40.02193352838936,-28.860354735501215,-0.055999999999999994,-0.9043,-0.3422,-0.2492
48,662757.0,626.751398,1.0,3.1,3.29,-8.56,-7.19,-19.87,32.69,-19.25,-312.63,15.44,1.142934170305295,-0.053030851466476125,0.19423151081938528,-135.7608376875957,-38.367646412161214,-18.216471799125177,-0.0937,-0.9264,-0.3286,-0.1583
49,662757.0,626.751398,1.0,3.1,3.29,-8.56,-7.19,-19.87,32.69,-19.25,-312.63,15.44,1.142934170305295,-0.053030851466476125,0.19423151081938528,-135.7608376875957,-38.367646412161214,-18.216471799125177,-0.0937,-0.9264,-0.3286,-0.1583
50,662792.0,626.8043690000001,1.0,2.26,2.28,-9.23,-7.19,-19.87,32.69,17.12,-279.94,10.44,0.7850456823052749,-1.048562534560667,0.12248148185608974,-138.81318085103794,-37.26537941343616,-10.764512919793646,-0.1133,-0.9361,-0.3195,-0.0938
51,662792.0,626.8043690000001,1.0,2.26,2.28,-9.23,-7.19,-19.87,32.69,17.12,-279.94,10.44,0.7850456823052749,-1.048562534560667,0.12248148185608974,-138.81318085103794,-37.26537941343616,-10.764512919793646,-0.1133,-0.9361,-0.3195,-0.0938
52,662824.0,626.860394,1.0,-0.11,1.82,-7.0,1.69,-20.87,33.06,15.63,-244.5,14.5,0.21802752354543384,-0.2489110550947423,2.580654754663323,-141.05445058328866,-35.46820114810156,-1.3636717386286217,-0.1348,-0.9428,-0.3046,-0.0119
53,662824.0,626.860394,1.0,-0.11,1.82,-7.0,1.69,-20.87,33.06,15.63,-244.5,14.5,0.21802752354543384,-0.2489110550947423,2.580654754663323,-141.05445058328866,-35.46820114810156,-1.3636717386286217,-0.1348,-0.9428,-0.3046,-0.0119
54,662861.0,626.879427,1.0,-0.92,0.59,-7.39,9.19,-20.25,32.25,5.0,-167.63,21.31,-0.6292126577459594,-1.192475038615014,2.4589500392223167,-141.3650146581067,-34.375043949019776,3.5185137037623337,-0.1452,-0.9437,-0.2955,0.0307
55,662861.0,626.879427,1.0,-0.92,0.59,-7.39,9.19,-20.25,32.25,5.0,-167.63,21.31,-0.6292126577459594,-1.192475038615014,2.4589500392223167,-141.3650146581067,-34.375043949019776,3.5185137037623337,-0.1452,-0.9437,-0.2955,0.0307
56,662898.0,626.925105,1.0,-1.63,0.75,-6.56,9.19,-20.25,32.25,-20.12,-117.06,27.12,-0.7056151806876182,-0.8503903019198208,3.096065558151145,-140.98575914579104,-32.890619725136126,7.775272426130343,-0.1635,-0.9426,-0.2831,0.0678
57,662898.0,626.925105,1.0,-1.63,0.75,-6.56,9.19,-20.25,32.25,-20.12,-117.06,27.12,-0.7056151806876182,-0.8503903019198208,3.096065558151145,-140.98575914579104,-32.890619725136126,7.775272426130343,-0.1635,-0.9426,-0.2831,0.0678
58,662931.0,626.942178,1.0,-2.57,1.14,-6.01,14.0,-19.87,31.5,-31.44,-64.12,43.38,-1.1815696210612998,-0.12669942070769358,3.2788294994517964,-141.02009032147248,-31.43565821002521,9.464560757916416,-0.1763,-0.9427,-0.2709,0.0825
59,662931.0,626.942178,1.0,-2.57,1.14,-6.01,14.0,-19.87,31.5,-31.44,-64.12,43.38,-1.1815696210612998,-0.12669942070769358,3.2788294994517964,-141.02009032147248,-31.43565821002521,9.464560757916416,-0.1763,-0.9427,-0.2709,0.0825
60,662968.0,626.9824570000001,1.0,-3.09,1.68,-5.46,16.87,-21.25,29.06,-36.5,20.44,52.81,-1.4797495382579224,0.5615454058125652,3.5076732528420735,-141.64310130769366,-29.68940484166728,9.23461264182475,-0.1894,-0.9445,-0.2562,0.0805
61,662968.0,626.9824570000001,1.0,-3.09,1.68,-5.46,16.87,-21.25,29.06,-36.5,20.44,52.81,-1.4797495382579224,0.5615454058125652,3.5076732528420735,-141.64310130769366,-29.68940484166728,9.23461264182475,-0.1894,-0.9445,-0.2562,0.0805
62,663003.0,627.043671,1.0,-2.07,1.89,-7.36,17.25,-21.69,27.0,-34.13,67.19,55.75,-0.7215397637935026,-0.4969241922428722,1.9798341265794035,-142.5249164652642,-28.76570522000204,7.028869316139517,-0.1945,-0.9470000000000001,-0.2484,0.0613
63,663003.0,627.043671,1.0,-2.07,1.89,-7.36,17.25,-21.69,27.0,-34.13,67.19,55.75,-0.7215397637935026,-0.4969241922428722,1.9798341265794035,-142.5249164652642,-28.76570522000204,7.028869316139517,-0.1945,-0.9470000000000001,-0.2484,0.0613
64,663037.0,627.050419,1.0,-2.39,2.69,-6.8,17.25,-21.69,27.0,-66.37,50.69,55.44,-1.1131991210735486,0.3718978164996025,2.203316538226547,-142.99145809873448,-27.242195772473625,3.896864048753203,-0.2099,-0.9483,-0.2355,0.034
65,663037.0,627.050419,1.0,-2.39,2.69,-6.8,17.25,-21.69,27.0,-66.37,50.69,55.44,-1.1131991210735486,0.3718978164996025,2.203316538226547,-142.99145809873448,-27.242195772473625,3.896864048753203,-0.2099,-0.9483,-0.2355,0.034
66,663074.0,627.1059809999999,1.0,-2.1,4.8,-5.73,13.88,-23.87,28.25,-54.19,202.56,49.13,-0.4635763067780023,2.4279037382721422,2.446399973983338,-142.95536907296346,-26.794357072369408,-1.0771765184626354,-0.2172,-0.9482,-0.2317,-0.0094
67,663074.0,627.1059809999999,1.0,-2.1,4.8,-5.73,13.88,-23.87,28.25,-54.19,202.56,49.13,-0.4635763067780023,2.4279037382721422,2.446399973983338,-142.95536907296346,-26.794357072369408,-1.0771765184626354,-0.2172,-0.9482,-0.2317,-0.0094
68,663111.0,627.1603150000001,1.0,1.37,4.53,-8.32,9.75,-24.69,27.0,15.94,332.0,33.88,0.5590838199864316,0.3302998415679825,0.2568579971923164,-141.64310130769366,-27.84391108565838,-12.434654560583265,-0.196,-0.9445,-0.2406,-0.1083
69,663111.0,627.1603150000001,1.0,1.37,4.53,-8.32,9.75,-24.69,27.0,15.94,332.0,33.88,0.5590838199864316,0.3302998415679825,0.2568579971923164,-141.64310130769366,-27.84391108565838,-12.434654560583265,-0.196,-0.9445,-0.2406,-0.1083
70,663146.0,627.167414,1.0,4.35,4.73,-9.89,9.75,-24.69,27.0,3.63,288.19,31.56,1.1880010887222203,-0.7299178654324452,-1.905026793820662,-138.6505925631453,-28.671075748006672,-21.065789103644565,-0.17300000000000001,-0.9356,-0.2476,-0.1828
71,663146.0,627.167414,1.0,4.35,4.73,-9.89,9.75,-24.69,27.0,3.63,288.19,31.56,1.1880010887222203,-0.7299178654324452,-1.905026793820662,-138.6505925631453,-28.671075748006672,-21.065789103644565,-0.17300000000000001,-0.9356,-0.2476,-0.1828
72,663181.0,627.20326,1.0,5.41,4.72,-9.9,2.0,-27.69,29.06,3.44,204.19,16.44,0.3530968906143932,-0.5309811283523165,-2.406043463244385,-133.73534909546765,-29.41682953361233,-29.950289927892534,-0.1522,-0.9196,-0.2539,-0.2584
73,663181.0,627.20326,1.0,5.41,4.72,-9.9,2.0,-27.69,29.06,3.44,204.19,16.44,0.3530968906143932,-0.5309811283523165,-2.406043463244385,-133.73534909546765,-29.41682953361233,-29.950289927892534,-0.1522,-0.9196,-0.2539,-0.2584
74,663216.0,627.2344860000001,1.0,6.33,4.02,-9.7,-6.19,-26.19,28.25,-20.19,107.87,20.62,-0.10076241314237017,-1.1760656389342414,-2.3968747592249304,-130.65262969629032,-29.274683969227155,-34.86715957624261,-0.1437,-0.9087,-0.2527,-0.2996
75,663216.0,627.2344860000001,1.0,6.33,4.02,-9.7,-6.19,-26.19,28.25,-20.19,107.87,20.62,-0.10076241314237017,-1.1760656389342414,-2.3968747592249304,-130.65262969629032,-29.274683969227155,-34.86715957624261,-0.1437,-0.9087,-0.2527,-0.2996
76,663252.0,627.252053,1.0,6.2,4.53,-9.18,-10.19,-26.56,26.25,-30.37,46.06,25.75,-0.09448153712098717,-0.5295770867254088,-2.1492657469580205,-129.51205087236005,-28.588291341239625,-36.85446512108432,-0.1452,-0.9045,-0.2469,-0.3161
77,663252.0,627.252053,1.0,6.2,4.53,-9.18,-10.19,-26.56,26.25,-30.37,46.06,25.75,-0.09448153712098717,-0.5295770867254088,-2.1492657469580205,-129.51205087236005,-28.588291341239625,-36.85446512108432,-0.1452,-0.9045,-0.2469,-0.3161
78,663285.0,627.292948,1.0,6.01,5.33,-8.3,-10.19,-26.56,26.25,-32.94,22.69,30.94,0.2982530374659636,0.4004099054352728,-1.7332684153646252,-128.97730409708814,-27.265777919115557,-38.28272700926836,-0.1493,-0.9025,-0.2357,-0.3279
79,663285.0,627.292948,1.0,6.01,5.33,-8.3,-10.19,-26.56,26.25,-32.94,22.69,30.94,0.2982530374659636,0.4004099054352728,-1.7332684153646252,-128.97730409708814,-27.265777919115557,-38.28272700926836,-0.1493,-0.9025,-0.2357,-0.3279
80,663322.0,627.349663,1.0,6.42,5.32,-8.9,-12.19,-26.87,25.56,-9.06,16.81,21.37,-0.0040227437458407725,0.20068864674900236,-2.3871397261105347,-128.76486449761614,-26.547046453502677,-39.10859227464813,-0.149,-0.9017,-0.2296,-0.3347
81,663322.0,627.349663,1.0,6.42,5.32,-8.9,-12.19,-26.87,25.56,-9.06,16.81,21.37,-0.0040227437458407725,0.20068864674900236,-2.3871397261105347,-128.76486449761614,-26.547046453502677,-39.10859227464813,-0.149,-0.9017,-0.2296,-0.3347
82,663359.0,627.365926,1.0,4.94,5.54,-7.58,-12.56,-26.19,24.25,-16.44,-13.81,8.25,-0.057832330488537476,1.2693969197658896,-0.726008110925239,-129.0838339340417,-25.93519704664329,-38.96269901927492,-0.1524,-0.9029,-0.2244,-0.3335
83,663359.0,627.365926,1.0,4.94,5.54,-7.58,-12.56,-26.19,24.25,-16.44,-13.81,8.25,-0.057832330488537476,1.2693969197658896,-0.726008110925239,-129.0838339340417,-25.93519704664329,-38.96269901927492,-0.1524,-0.9029,-0.2244,-0.3335
84,663394.0,627.403252,1.0,4.82,4.49,-7.56,-12.56,-26.19,24.25,10.38,-6.63,6.38,-0.4027386391458238,0.4633139957092056,-0.20180850917707005,-129.40467932878911,-25.794108466717553,-38.74398218156732,-0.1511,-0.9041,-0.2232,-0.3317
85,663394.0,627.403252,1.0,4.82,4.49,-7.56,-12.56,-26.19,24.25,10.38,-6.63,6.38,-0.4027386391458238,0.4633139957092056,-0.20180850917707005,-129.40467932878911,-25.794108466717553,-38.74398218156732,-0.1511,-0.9041,-0.2232,-0.3317
86,663427.0,627.4537,1.0,4.79,3.96,-7.68,-14.5,-26.87,23.87,9.38,-9.31,4.25,-0.5834729589407343,0.055538361777151664,-0.0556304054922343,-129.88954402446632,-25.700071520307283,-38.343381493661,-0.1483,-0.9059,-0.2224,-0.3284
87,663427.0,627.4537,1.0,4.79,3.96,-7.68,-14.5,-26.87,23.87,9.38,-9.31,4.25,-0.5834729589407343,0.055538361777151664,-0.0556304054922343,-129.88954402446632,-25.700071520307283,-38.343381493661,-0.1483,-0.9059,-0.2224,-0.3284
88,663463.0,627.470678,1.0,4.28,4.05,-7.0,-14.06,-26.69,25.19,-1.44,-6.0,1.75,-0.42196850772542027,0.4650122150826394,0.67830917494795,-130.16081866157813,-25.59430098947942,-38.10083031138289,-0.1486,-0.9069,-0.2215,-0.3264
89,663463.0,627.470678,1.0,4.28,4.05,-7.0,-14.06,-26.69,25.19,-1.44,-6.0,1.75,-0.42196850772542027,0.4650122150826394,0.67830917494795,-130.16081866157813,-25.59430098947942,-38.10083031138289,-0.1486,-0.9069,-0.2215,-0.3264
90,663500.0,627.514011,1.0,5.24,3.86,-7.45,-13.0,-26.25,24.37,8.0,5.75,1.88,-0.12286099017955038,-0.19869565518703047,-0.08299737559949172,-130.18802216268048,-25.488552629562964,-38.18570299849585,-0.1472,-0.907,-0.2206,-0.3271
91,663500.0,627.514011,1.0,5.24,3.86,-7.45,-13.0,-26.25,24.37,8.0,5.75,1.88,-0.12286099017955038,-0.19869565518703047,-0.08299737559949172,-130.18802216268048,-25.488552629562964,-38.18570299849585,-0.1472,-0.907,-0.2206,-0.3271
92,663533.0,627.5334280000001,1.0,5.11,4.19,-7.37,-13.0,-26.25,24.37,-5.63,-9.5,-0.69,-0.047015403398887656,0.14316457717767328,-0.09094533703438756,-130.26971625278716,-25.429813082479118,-38.07658496090942,-0.1481,-0.9073,-0.2201,-0.3262
93,663533.0,627.5334280000001,1.0,5.11,4.19,-7.37,-13.0,-26.25,24.37,-5.63,-9.5,-0.69,-0.047015403398887656,0.14316457717767328,-0.09094533703438756,-130.26971625278716,-25.429813082479118,-38.07658496090942,-0.1481,-0.9073,-0.2201,-0.3262
94,663570.0,627.572742,1.0,4.67,4.18,-7.24,-14.5,-26.25,25.25,1.44,-7.44,-0.37,-0.21940859342159855,0.3364946148766508,0.23912517676113865,-130.65262969629032,-25.17143953683573,-37.676791133557344,-0.1501,-0.9087,-0.2179,-0.3229
95,663570.0,627.572742,1.0,4.67,4.18,-7.24,-14.5,-26.25,25.25,1.44,-7.44,-0.37,-0.21940859342159855,0.3364946148766508,0.23912517676113865,-130.65262969629032,-25.17143953683573,-37.676791133557344,-0.1501,-0.9087,-0.2179,-0.3229
96,663605.0,627.637804,1.0,5.14,4.21,-7.36,-13.0,-26.25,24.75,0.56,-1.5,-0.31,0.05040776033201072,0.10690900768450452,-0.1079518337487606,-130.76254599505174,-25.07751783117069,-37.579943248225064,-0.1507,-0.9091,-0.2171,-0.3221
97,663605.0,627.637804,1.0,5.14,4.21,-7.36,-13.0,-26.25,24.75,0.56,-1.5,-0.31,0.05040776033201072,0.10690900768450452,-0.1079518337487606,-130.76254599505174,-25.07751783117069,-37.579943248225064,-0.1507,-0.9091,-0.2171,-0.3221
98,663640.0,627.655046,1.0,4.95,4.09,-7.4,-13.0,-26.25,24.75,4.06,-4.88,-0.81,-0.11037099244541282,0.09656450496468903,0.010268344490269143,-130.92785324394194,-25.10099664997855,-37.39842842920397,-0.1501,-0.9097,-0.2173,-0.3206
99,663640.0,627.655046,1.0,4.95,4.09,-7.4,-13.0,-26.25,24.75,4.06,-4.88,-0.81,-0.11037099244541282,0.09656450496468903,0.010268344490269143,-130.92785324394194,-25.10099664997855,-37.39842842920397,-0.1501,-0.9097,-0.2173,-0.3206
100,663674.0,627.6946320000001,1.0,4.87,3.78,-7.59,-13.25,-26.69,24.75,3.44,-3.13,0.0,-0.35287170508581284,-0.14556189412297482,0.035892951811300484,-131.14907903681728,-24.983613243143306,-37.229102364563495,-0.1496,-0.9105,-0.2163,-0.3192
101,663674.0,627.6946320000001,1.0,4.87,3.78,-7.59,-13.25,-26.69,24.75,3.44,-3.13,0.0,-0.35287170508581284,-0.14556189412297482,0.035892951811300484,-131.14907903681728,-24.983613243143306,-37.229102364563495,-0.1496,-0.9105,-0.2163,-0.3192
102,663711.0,627.750488,1.0,4.93,3.94,-7.4,-13.69,-25.87,25.56,3.56,3.44,1.63,-0.14006146167676026,-0.0008614192805007638,0.08199668767519519,-131.20453254720215,-24.88972570037191,-37.229102364563495,-0.1493,-0.9107,-0.2155,-0.3192
103,663711.0,627.750488,1.0,4.93,3.94,-7.4,-13.69,-25.87,25.56,3.56,3.44,1.63,-0.14006146167676026,-0.0008614192805007638,0.08199668767519519,-131.20453254720215,-24.88972570037191,-37.229102364563495,-0.1493,-0.9107,-0.2155,-0.3192
104,663744.0,627.770272,1.0,4.86,3.74,-7.55,-13.69,-25.87,25.56,2.81,0.5,0.37,-0.33479620487549805,-0.13515000026303747,0.08660133866965047,-131.2600452849924,-24.901460713527147,-37.20491981438743,-0.1479,-0.9109,-0.2156,-0.319
105,663744.0,627.770272,1.0,4.86,3.74,-7.55,-13.69,-25.87,25.56,2.81,0.5,0.37,-0.33479620487549805,-0.13515000026303747,0.08660133866965047,-131.2600452849924,-24.901460713527147,-37.20491981438743,-0.1479,-0.9109,-0.2156,-0.319
106,663779.0,627.8144139999999,1.0,4.84,3.83,-7.6,-13.25,-26.25,25.19,-2.0,0.75,-0.25,-0.3479894053934592,-0.05823364997646085,0.022478485980824917,-131.37124925693712,-24.772390131710253,-37.14447095017847,-0.1484,-0.9113,-0.2145,-0.3185
107,663779.0,627.8144139999999,1.0,4.84,3.83,-7.6,-13.25,-26.25,25.19,-2.0,0.75,-0.25,-0.3479894053934592,-0.05823364997646085,0.022478485980824917,-131.37124925693712,-24.772390131710253,-37.14447095017847,-0.1484,-0.9113,-0.2145,-0.3185
108,663814.0,627.830747,1.0,5.18,4.18,-7.51,-13.25,-25.87,25.19,-3.56,-1.88,-0.44,0.04436654096986953,0.0761038234721676,-0.22814645125377095,-131.3990875860209,-24.61989330860375,-37.14447095017847,-0.1497,-0.9114,-0.2132,-0.3185
109,663814.0,627.830747,1.0,5.18,4.18,-7.51,-13.25,-25.87,25.19,-3.56,-1.88,-0.44,0.04436654096986953,0.0761038234721676,-0.22814645125377095,-131.3990875860209,-24.61989330860375,-37.14447095017847,-0.1497,-0.9114,-0.2132,-0.3185
110,663851.0,627.8742990000001,1.0,4.67,4.05,-7.46,-12.56,-27.0,25.69,-1.31,-1.44,-4.38,-0.2989638589954733,0.19721639794053056,0.12498039690994744,-131.45480922787246,-24.67854067669555,-36.98735398071332,-0.1504,-0.9116,-0.2137,-0.3172
111,663851.0,627.8742990000001,1.0,4.67,4.05,-7.46,-12.56,-27.0,25.69,-1.31,-1.44,-4.38,-0.2989638589954733,0.19721639794053056,0.12498039690994744,-131.45480922787246,-24.67854067669555,-36.98735398071332,-0.1504,-0.9116,-0.2137,-0.3172
112,663885.0,627.935998,1.0,4.85,4.18,-7.51,-12.56,-27.0,25.69,1.06,4.19,-3.06,-0.17446033789882825,0.20662292372249305,-0.058534770590593865,-131.34342588798634,-24.79585513058625,-37.04777503969204,-0.1506,-0.9112,-0.2147,-0.3177
113,663885.0,627.935998,1.0,4.85,4.18,-7.51,-12.56,-27.0,25.69,1.06,4.19,-3.06,-0.17446033789882825,0.20662292372249305,-0.058534770590593865,-131.34342588798634,-24.79585513058625,-37.04777503969204,-0.1506,-0.9112,-0.2147,-0.3177
114,663922.0,627.956359,1.0,5.3,3.9,-7.73,-12.56,-27.37,26.0,5.13,1.94,-1.37,-0.08964721535828551,-0.2693163956363205,-0.34087837176718416,-131.2600452849924,-24.901460713527147,-37.1323824635344,-0.1496,-0.9109,-0.2156,-0.3184
115,663922.0,627.956359,1.0,5.3,3.9,-7.73,-12.56,-27.37,26.0,5.13,1.94,-1.37,-0.08964721535828551,-0.2693163956363205,-0.34087837176718416,-131.2600452849924,-24.901460713527147,-37.1323824635344,-0.1496,-0.9109,-0.2156,-0.3184
116,663957.0,627.96234,1.0,4.95,3.68,-7.48,-12.19,-25.87,24.75,2.06,0.25,-3.94,-0.2255268353717429,-0.24623291459766986,0.117284334576075,-131.2600452849924,-25.018825462277388,-37.07194645139856,-0.1487,-0.9109,-0.2166,-0.3179
117,663957.0,627.96234,1.0,4.95,3.68,-7.48,-12.19,-25.87,24.75,2.06,0.25,-3.94,-0.2255268353717429,-0.24623291459766986,0.117284334576075,-131.2600452849924,-25.018825462277388,-37.07194645139856,-0.1487,-0.9109,-0.2166,-0.3179
118,663990.0,628.011403,1.0,5.02,3.8,-7.57,-12.19,-25.87,24.75,-0.12,2.94,-1.19,-0.20715607262549,-0.1948331761545914,-0.03532268818827156,-131.1767984012427,-25.124476539770274,-37.1323824635344,-0.1488,-0.9106,-0.2175,-0.3184
119,663990.0,628.011403,1.0,5.02,3.8,-7.57,-12.19,-25.87,24.75,-0.12,2.94,-1.19,-0.20715607262549,-0.1948331761545914,-0.03532268818827156,-131.1767984012427,-25.124476539770274,-37.1323824635344,-0.1488,-0.9106,-0.2175,-0.3184
120,664025.0,628.077899,1.0,5.15,4.12,-7.58,-13.0,-25.19,25.56,-0.37,-1.69,-0.75,-0.02700487827082237,0.012556773331100946,-0.2408578036293747,-131.1767984012427,-25.112736460930662,-37.1323824635344,-0.149,-0.9106,-0.2174,-0.3184
121,664025.0,628.077899,1.0,5.15,4.12,-7.58,-13.0,-25.19,25.56,-0.37,-1.69,-0.75,-0.02700487827082237,0.012556773331100946,-0.2408578036293747,-131.1767984012427,-25.112736460930662,-37.1323824635344,-0.149,-0.9106,-0.2174,-0.3184
122,664061.0,628.0851299999999,1.0,4.85,3.96,-7.34,-13.0,-26.69,26.0,1.75,-2.75,-1.37,-0.10748563101631953,0.047915282354317856,0.15958562969325207,-131.2600452849924,-25.147957501678356,-36.98735398071332,-0.149,-0.9109,-0.2177,-0.3172
123,664061.0,628.0851299999999,1.0,4.85,3.96,-7.34,-13.0,-26.69,26.0,1.75,-2.75,-1.37,-0.10748563101631953,0.047915282354317856,0.15958562969325207,-131.2600452849924,-25.147957501678356,-36.98735398071332,-0.149,-0.9109,-0.2177,-0.3172
124,664096.0,628.102504,1.0,4.96,3.73,-7.44,-13.0,-26.69,26.0,2.0,-0.25,-1.63,-0.15107873356183624,-0.2142452778464934,0.12164229854793085,-131.31561745343842,-25.19492264637575,-36.92694357562125,-0.1486,-0.9111,-0.2181,-0.3167
125,664096.0,628.102504,1.0,4.96,3.73,-7.44,-13.0,-26.69,26.0,2.0,-0.25,-1.63,-0.15107873356183624,-0.2142452778464934,0.12164229854793085,-131.31561745343842,-25.19492264637575,-36.92694357562125,-0.1486,-0.9111,-0.2181,-0.3167
126,664129.0,628.14335,1.0,4.94,3.99,-7.61,-12.56,-25.19,26.0,-3.31,-1.63,-0.94,-0.1902104881382498,-0.01702121882287066,-0.10290752030896932,-131.31561745343842,-25.21840683143225,-36.87862290728264,-0.1492,-0.9111,-0.2183,-0.3163
127,664129.0,628.14335,1.0,4.94,3.99,-7.61,-12.56,-25.19,26.0,-3.31,-1.63,-0.94,-0.1902104881382498,-0.01702121882287066,-0.10290752030896932,-131.31561745343842,-25.21840683143225,-36.87862290728264,-0.1492,-0.9111,-0.2183,-0.3163
128,664164.0,628.2086099999999,1.0,5.01,3.97,-7.53,-13.0,-25.87,24.75,0.69,0.44,-0.56,-0.09460599879004301,-0.061340835870744126,-0.07004919592814751,-131.3990875860209,-25.065778823031927,-36.842386864351504,-0.1498,-0.9114,-0.217,-0.316
129,664164.0,628.2086099999999,1.0,5.01,3.97,-7.53,-13.0,-25.87,24.75,0.69,0.44,-0.56,-0.09460599879004301,-0.061340835870744126,-0.07004919592814751,-131.3990875860209,-25.065778823031927,-36.842386864351504,-0.1498,-0.9114,-0.217,-0.316
130,664201.0,628.225311,1.0,5.12,4.0,-7.57,-13.0,-26.25,25.19,-0.81,1.75,-1.88,-0.038499081396629616,-0.10324822152167036,-0.16867744452452627,-131.3990875860209,-24.983613243143306,-36.842386864351504,-0.1505,-0.9114,-0.2163,-0.316
131,664201.0,628.225311,1.0,5.12,4.0,-7.57,-13.0,-26.25,25.19,-0.81,1.75,-1.88,-0.038499081396629616,-0.10324822152167036,-0.16867744452452627,-131.3990875860209,-24.983613243143306,-36.842386864351504,-0.1505,-0.9114,-0.2163,-0.316
132,664236.0,628.268101,1.0,4.88,3.95,-7.64,-13.0,-26.25,25.19,0.25,-1.12,-0.12,-0.2673651679873197,-0.039630917104099606,-0.0783611409829259,-131.3990875860209,-25.00708778933191,-36.842386864351504,-0.1505,-0.9114,-0.2165,-0.316
133,664236.0,628.268101,1.0,4.88,3.95,-7.64,-13.0,-26.25,25.19,0.25,-1.12,-0.12,-0.2673651679873197,-0.039630917104099606,-0.0783611409829259,-131.3990875860209,-25.00708778933191,-36.842386864351504,-0.1505,-0.9114,-0.2165,-0.316
134,664270.0,628.272294,1.0,5.03,3.99,-7.62,-12.56,-26.25,25.19,1.56,1.0,0.44,-0.1369755035691212,-0.0809244101070874,-0.15628575966797342,-131.4269409010407,-24.96013976228266,-36.830309031624424,-0.1509,-0.9115,-0.2161,-0.3159
135,664270.0,628.272294,1.0,5.03,3.99,-7.62,-12.56,-26.25,25.19,1.56,1.0,0.44,-0.1369755035691212,-0.0809244101070874,-0.15628575966797342,-131.4269409010407,-24.96013976228266,-36.830309031624424,-0.1509,-0.9115,-0.2161,-0.3159
136,664305.0,628.331829,1.0,5.08,4.2,-7.54,-13.0,-25.87,26.37,-2.31,0.69,0.63,0.0087097791586766,0.08520906187258738,-0.207872632433455,-131.4269409010407,-24.924931536010146,-36.842386864351504,-0.1511,-0.9115,-0.2158,-0.316
137,664305.0,628.331829,1.0,5.08,4.2,-7.54,-13.0,-25.87,26.37,-2.31,0.69,0.63,0.0087097791586766,0.08520906187258738,-0.207872632433455,-131.4269409010407,-24.924931536010146,-36.842386864351504,-0.1511,-0.9115,-0.2158,-0.316
138,664340.0,628.3484530000001,1.0,5.05,4.08,-7.6,-13.0,-25.87,26.37,2.94,-0.19,0.0,-0.07657579291227112,0.0005673911401178344,-0.1885006154738456,-131.45480922787246,-24.948403420997227,-36.80615463747225,-0.1503,-0.9116,-0.21600000000000003,-0.3157
139,664340.0,628.3484530000001,1.0,5.05,4.08,-7.6,-13.0,-25.87,26.37,2.94,-0.19,0.0,-0.07657579291227112,0.0005673911401178344,-0.1885006154738456,-131.45480922787246,-24.948403420997227,-36.80615463747225,-0.1503,-0.9116,-0.21600000000000003,-0.3157
140,664375.0,628.385433,1.0,5.12,3.91,-7.66,-13.0,-27.0,25.56,4.63,-0.88,1.06,-0.10180367862460303,-0.1643262560556864,-0.20038417065162584,-131.62233589525562,-24.831054609816945,-36.74577605968171,-0.1493,-0.9122,-0.215,-0.3152
141,664375.0,628.385433,1.0,5.12,3.91,-7.66,-13.0,-27.0,25.56,4.63,-0.88,1.06,-0.10180367862460303,-0.1643262560556864,-0.20038417065162584,-131.62233589525562,-24.831054609816945,-36.74577605968171,-0.1493,-0.9122,-0.215,-0.3152
142,664412.0,628.443458,1.0,5.17,3.85,-7.57,-12.56,-25.87,25.56,1.94,-4.56,0.56,-0.0006191350116073191,-0.2186309992851312,-0.13359648098946586,-131.76235907719015,-24.831054609816945,-36.612980343917975,-0.1486,-0.9127,-0.215,-0.3141
143,664412.0,628.443458,1.0,5.17,3.85,-7.57,-12.56,-25.87,25.56,1.94,-4.56,0.56,-0.0006191350116073191,-0.2186309992851312,-0.13359648098946586,-131.76235907719015,-24.831054609816945,-36.612980343917975,-0.1486,-0.9127,-0.215,-0.3141
144,664444.0,628.4590559999999,1.0,4.73,3.86,-7.52,-12.56,-25.87,25.56,1.37,-5.13,-0.12,-0.25283123700473714,0.007558470153792519,0.12373105811457208,-131.90276546625157,-24.807588026066757,-36.45610555039494,-0.1486,-0.9132,-0.2148,-0.3128
145,664444.0,628.4590559999999,1.0,4.73,3.86,-7.52,-12.56,-25.87,25.56,1.37,-5.13,-0.12,-0.25283123700473714,0.007558470153792519,0.12373105811457208,-131.90276546625157,-24.807588026066757,-36.45610555039494,-0.1486,-0.9132,-0.2148,-0.3128
146,664479.0,628.506083,1.0,4.74,3.96,-7.58,-12.56,-25.5,26.0,0.5,-2.25,1.12,-0.2376819828455063,0.08204240684960662,0.03207193654841412,-132.01536875371886,-24.772390131710253,-36.35960237870008,-0.1485,-0.9136,-0.2145,-0.312
147,664479.0,628.506083,1.0,4.74,3.96,-7.58,-12.56,-25.5,26.0,0.5,-2.25,1.12,-0.2376819828455063,0.08204240684960662,0.03207193654841412,-132.01536875371886,-24.772390131710253,-36.35960237870008,-0.1485,-0.9136,-0.2145,-0.312
148,664514.0,628.523324,1.0,4.84,3.96,-7.55,-12.56,-26.25,24.37,0.63,-1.0,0.81,-0.1380887872138588,0.04217331008835523,0.004157822050455451,-132.1847414191665,-24.54952511022461,-36.27518399341682,-0.1488,-0.9142,-0.2126,-0.3113
149,664514.0,628.523324,1.0,4.84,3.96,-7.55,-12.56,-26.25,24.37,0.63,-1.0,0.81,-0.1380887872138588,0.04217331008835523,0.004157822050455451,-132.1847414191665,-24.54952511022461,-36.27518399341682,-0.1488,-0.9142,-0.2126,-0.3113
150,664551.0,628.569301,1.0,4.71,3.96,-7.54,-12.19,-26.69,24.75,1.0,-1.44,1.37,-0.20760381240065096,0.11004222407702803,0.0772054441172294,-132.38305943270692,-24.38536915234885,-36.15462161589686,-0.1489,-0.9149,-0.2112,-0.3103
151,664551.0,628.569301,1.0,4.71,3.96,-7.54,-12.19,-26.69,24.75,1.0,-1.44,1.37,-0.20760381240065096,0.11004222407702803,0.0772054441172294,-132.38305943270692,-24.38536915234885,-36.15462161589686,-0.1489,-0.9149,-0.2112,-0.3103
152,664584.0,628.5868009999999,1.0,4.83,3.98,-7.59,-12.19,-26.69,24.75,1.5,1.69,0.19,-0.14802209130449245,0.06542968194731458,-0.02956921355995945,-132.3546807037213,-24.40881688456287,-36.16667598822457,-0.1487,-0.9148,-0.2114,-0.3104
153,664584.0,628.5868009999999,1.0,4.83,3.98,-7.59,-12.19,-26.69,24.75,1.5,1.69,0.19,-0.14802209130449245,0.06542968194731458,-0.02956921355995945,-132.3546807037213,-24.40881688456287,-36.16667598822457,-0.1487,-0.9148,-0.2114,-0.3104
